Head	B.Cym.mean	P.Cym.mean	P.GyBn.mean	B.Lau.mean	P.Lau.mean
SZUA-1001	1.747906634	1.191215629	184.4026921	4.394364843	3.976681557
SZUA-1002	0.081193853	0.071831511	200.9678359	0.313755669	0.764091306
SZUA-1003	0.05234126	0.047869124	31.07652169	0.051741089	0.063907403
SZUA-1004	5.601478805	4.178679362	28.84341707	1.197553225	2.683589627
SZUA-1005	8.10771492	5.70214208	141.9007387	10.44195398	13.6304886
SZUA-1006	0.449717398	0.308075404	108.4603589	0.522955172	0.344200517
SZUA-1009	0.32618458	0.253257606	47.75515776	0.091785033	0.2444587
SZUA-1010	0.171900339	0.119157807	46.84533045	1.57725915	2.077993375
SZUA-1011	0.674665313	0.944792671	47.00290341	1.081142646	0.779616643
SZUA-1012	5.706267052	6.973206309	55.21428953	14.62013237	24.47585702
SZUA-1013	0.550976376	0.186205634	28.63128299	0.374373192	0.127277539
SZUA-1014	0.572026449	0.242464794	32.07887438	0.036051579	0.052003499
SZUA-1015	0.024932515	0.014103334	57.14325976	0.006345547	0.007966464
SZUA-1017	0.211529301	0.304460542	96.84381582	735.685939	410.3488985
SZUA-1019	0.018398875	0.021715473	80.16335611	0.001741616	0.00283291
SZUA-1021	0.600059096	0.477784406	52.98983401	0.824305348	0.520217371
SZUA-1023	0.182836016	0.18830692	50.64307856	0.085209868	0.148742163
SZUA-1024	0.291991907	0.172617388	39.05487038	0.070566507	0.045773122
SZUA-1025	58.24465527	51.48551386	42.55194045	127.9374723	108.0917126
SZUA-1027	0.236879761	0.219533514	29.97891243	0.073589564	0.074367003
SZUA-1028	3.310714645	2.508808109	25.96666839	1.011667171	1.275282393
SZUA-1029	1.845669156	1.231848742	26.38383149	0.152939174	0.218854989
SZUA-1030	0.540963985	0.342779511	317.5251296	0.57807493	0.357772102
SZUA-1031	10.19899834	10.01484724	49.94669489	2.446709641	4.520984857
SZUA-1032	3.537048231	3.535526128	40.52123104	0.434293387	0.786745804
SZUA-1033	1.754850397	1.033105556	92.91860993	0.493621677	0.94774405
SZUA-1034	0.040017987	0.035474753	28.98220558	0.041417969	0.017711316
SZUA-1035	2.515462931	2.847377229	39.86660239	0.949363167	1.386715917
SZUA-1036	0.348338297	0.247487313	25.63995532	0.272184345	0.331640633
SZUA-1037	2.497640922	1.942744804	27.62484954	4.359425058	4.955704867
SZUA-1038	0.70321556	0.595425145	44.66615376	57.45277851	33.0225383
SZUA-1039	17.2968734	10.11240606	305.7635753	6.458469541	4.040931708
SZUA-1040	0.216740708	1.152149885	503.3406522	0.82687927	0.987480772
SZUA-1041	24.13584903	15.1893285	37.13587252	2.308580797	2.278205997
SZUA-1044	0.107171795	0.076770582	65.2883484	0.056450704	0.106778258
SZUA-1045	6.094142862	5.041019618	53.3044179	1.307472563	0.993944505
SZUA-1046	0.173709173	0.133579791	69.36658694	0.174133901	0.299346182
SZUA-1047	0.282526248	0.275061895	125.0704629	1.038988555	2.150268348
SZUA-1050	3.018745012	3.261966754	86.08862814	0.300018619	0.676797253
SZUA-1051	0.613342657	0.513562105	99.45228625	2.033339202	2.156740449
SZUA-1052	4.604230926	2.621008123	490.0437899	0.668667877	0.478199359
SZUA-1053	0.01881798	0.009397324	31.39879124	0.041667783	0.044570358
SZUA-1054	0.00995805	0.013078876	219.6934852	0.004015581	0.002870357
SZUA-1055	0.290902268	0.437113622	204.4688624	9.344548679	7.572463292
SZUA-1057	1.116690651	0.7148817	44.04296863	0.687420241	0.290495293
SZUA-1058	3.807285998	4.58309713	493.0275374	10.90137324	16.67835231
SZUA-1061	0.782644516	1.103092588	25.3150302	2.014383705	3.440591612
SZUA-1062	0.027072522	0.023119385	28.30627898	0.006696553	0.000949214
SZUA-1063	10.61361528	6.95535286	58.8609081	11.67305502	15.09242593
SZUA-1064	2.489539409	2.011806174	36.89602062	8.284331878	5.240222193
SZUA-1065	2.555807066	1.732184501	40.78673353	7.809205562	9.492396526
SZUA-1067	1.435030865	1.088999041	47.02660245	3.491421974	6.216190754
SZUA-1068	12.08779085	8.849399585	111.1854548	1.341549427	1.866514606
SZUA-1069	0.031588035	0.023074226	221.8134068	0.04088267	0.028173627
SZUA-1070	0.358942228	0.325816379	47.14696873	0.079362672	0.121872462
SZUA-1071	0.007428894	0.013474097	198.1599024	0.063675351	0.09164386
SZUA-1072	0.022521739	0.102833377	206.8704055	0.025947165	0.044706658
SZUA-1074	9.987091142	6.751429095	137.3755456	9.956886319	12.72566797
SZUA-1075	0.004139855	0.011276253	276.6359429	0.003474362	0.004616176
SZUA-1077	1.412543328	1.105857167	35.68427087	1.595879468	1.572137149
SZUA-1078	2.032185414	1.387758706	163.2162565	1.913737028	2.614702797
SZUA-1079	10.3350722	9.780887726	72.70304486	4.830436294	6.88469056
SZUA-1080	0.144180099	0.155995739	55.85041428	0.03335732	0.15489269
SZUA-1081	7.632259798	6.355829197	34.10775483	7.685594818	3.385014487
SZUA-1082	0.208504327	0.143291154	173.0321509	0.33549443	0.258206433
SZUA-1084	0.370122969	0.279136479	30.23667467	0.121516627	0.25040854
SZUA-1089	11.38689021	13.41209042	12.70214011	2.020710793	4.765636258
SZUA-1091	6.037599238	6.360722806	1.04295802	13.7951804	33.1887863
SZUA-1093	52.92346349	50.3113675	0.369475144	6.150715126	6.624834624
SZUA-1094	81.88693217	53.03878471	1.530860544	17.8129487	9.741967882
SZUA-1095	10.19010106	11.3360014	4.93879334	16.21679846	29.42035386
SZUA-1096	23.75708123	40.74832331	0.75146544	2.333707391	3.702877899
SZUA-1097	28.58877948	23.07165575	5.041544651	11.6112426	16.56210662
SZUA-1099	25.10855056	26.99511586	2.687192485	6.4365775	7.719440879
SZUA-1100	103.1063498	73.29545516	8.042506996	200.1091029	62.76407173
SZUA-1102	35.14123312	26.50528074	13.0814129	31.78381795	22.67750694
SZUA-1103	74.90888425	102.6560293	16.6060826	154.7986696	278.8292012
SZUA-1104	70.58134556	87.67265985	0.413891029	24.64404068	24.23752717
SZUA-1105	25.91973313	22.64005199	0.672628604	6.852202256	5.32372315
SZUA-1116	19.85302472	27.31067987	0.430347344	0.916250419	0.771693297
SZUA-1117	67.24268261	75.39701525	0.859967742	3.535259578	3.629940311
SZUA-1119	94.70762971	55.04954315	2.361358762	4.987656723	4.643632269
SZUA-1120	10.56293519	60.94504887	89.72961268	627.2792208	419.2665709
SZUA-1123	43.83009993	55.48688044	0.273229973	1.639759881	0.772425247
SZUA-1124	42.857481	89.2743877	16.04762509	14.11203279	18.88313358
SZUA-1125	365.4378925	240.9583282	524.6389721	421.7876547	585.6516907
SZUA-1128	18.66647581	17.89091606	0.094955439	2.939256053	2.696205623
SZUA-1129	93.26134727	68.96718393	20.72261003	100.6113256	46.96253988
SZUA-1130	3.720295983	24.00877592	6.579385601	41.52947394	28.12889609
SZUA-1132	24.70110033	19.76455474	0.431001756	1.435514935	1.340358812
SZUA-1133	65.6101932	48.49341932	13.3795002	43.13652972	21.57435515
SZUA-1136	52.34001409	39.74781952	3.632043888	5.160382981	4.589966921
SZUA-1139	130.842737	104.5179954	0.054185532	2.835282705	2.72208516
SZUA-1140	11.42136399	19.04627085	0.891474447	14.02921369	14.32039181
SZUA-1141	42.06026989	39.03242382	7.754693742	15.87528928	23.67758283
SZUA-1142	110.0662715	84.35970198	105.2233547	9.825556367	14.07786642
SZUA-1145	42.64372668	39.00073685	0.900684823	0.657620385	0.652089342
SZUA-1146	88.08118469	66.27820437	31.21795073	151.8772138	62.92946741
SZUA-1147	3.530223665	71.6067563	0.721576029	0.594151127	0.506622112
SZUA-1148	0.074932284	27.48559054	0.001240904	0.020822374	0.032942164
SZUA-1150	32.58696727	34.62299858	1.683429022	8.051115839	6.629136399
SZUA-1152	37.68865496	42.67113872	0.676924708	21.97667435	34.06241003
SZUA-1153	53.06274873	49.00890408	0.66686578	6.050309656	6.58657804
SZUA-1154	41.20252163	59.10869509	29.66196861	367.7797232	254.1375287
SZUA-1156	157.3947705	182.8698351	0.813688028	11.72585127	13.16029135
SZUA-1157	42.59942746	31.52948032	1.018270941	57.71351623	29.78222482
SZUA-1158	98.08165981	66.4499264	1.6900478	142.4709506	218.5003301
SZUA-1159	80.70188852	92.44150973	3.461031709	31.43433389	49.94937439
SZUA-1160	25.74728038	46.59324176	1.277429684	2.097733163	3.64472266
SZUA-1161	48.26705203	44.0321584	2.130158133	0.830531328	0.789021103
SZUA-1164	54.85373805	43.91900766	5.642380566	62.5677391	30.77613825
SZUA-1165	448.7487469	296.8992634	527.5611244	490.7850158	686.1258746
SZUA-1167	92.29145339	61.67450939	0.51974844	12.41298335	7.467549789
SZUA-1168	38.347194	50.4950538	0.157803421	1.514847573	0.661450702
SZUA-1169	36.72043077	29.12036941	0.11369567	2.899572285	4.100979051
SZUA-1172	42.33733093	40.82905285	0.102147248	3.188124368	3.165006687
SZUA-1174	52.20478848	33.96011888	64.93897433	5.385220574	3.826883206
SZUA-1175	106.3685105	68.09077552	1.474377584	3.206854052	2.944911176
SZUA-1177	46.35478772	39.11134897	3.266827492	10.19023247	16.21435464
SZUA-1178	55.24786149	41.76731179	2.245412395	3.645043524	3.365830387
SZUA-1180	219.9263926	313.2130367	32.10010912	357.3514572	659.3137694
SZUA-1181	66.54999844	75.5633145	0.841371037	3.610900576	3.965019762
SZUA-1182	125.4614196	96.78726577	22.7774385	124.1612948	103.4711238
SZUA-1183	189.7775186	140.0428951	0.139101677	4.648956062	3.850489105
SZUA-1184	93.70466517	66.22639195	5.797806135	171.8170392	52.85890536
SZUA-1185	134.7351216	118.6204819	1.253743184	15.23563445	10.70444368
SZUA-1186	69.21893509	51.49243744	13.11052824	57.0825662	25.77783832
SZUA-1189	197.8924401	152.9985879	0.958650024	17.27425466	11.4853353
SZUA-1190	117.1202842	89.37250445	5.499190443	2.052110627	0.985630528
SZUA-1191	3.264030124	3.707718389	16.4477932	11.49542004	19.93190742
SZUA-1192	13.46674827	8.719393165	8.937320334	11.57391317	21.92259167
SZUA-1194	0.167434332	0.110978946	1.38282873	28.78155259	20.04301149
SZUA-1195	4.791190869	4.790166924	0.441795193	13.70311384	38.44893671
SZUA-1196	1.820384057	2.219334738	0.229000893	10.73681335	16.05876824
SZUA-1197	1.661108765	1.601477797	2.509561175	15.83845084	29.56631846
SZUA-1199	29.92677186	32.99238416	0.772525295	25.06663131	39.51980463
SZUA-1200	0.015716255	0.014505654	0.106737108	12.29738264	25.66312635
SZUA-1202	28.31323655	20.87707356	0.649212626	73.96220411	35.73801405
SZUA-1204	33.90796779	28.41411455	5.176787763	13.91584421	21.91017702
SZUA-1205	9.025332664	6.425856984	3.610106021	40.88055363	26.75108266
SZUA-1206	0.777882878	0.663949847	0.639187096	11.97232584	17.98457366
SZUA-1208	27.74704922	24.30015915	3.840708808	11.61950684	18.81287819
SZUA-1210	0.411805003	0.469033738	0.042596822	0.280038949	88.65593964
SZUA-1212	0.040672934	0.105918043	19.56734188	10.59569438	23.66312887
SZUA-1213	24.6793158	18.05245048	10.1112319	29.81988594	22.50070918
SZUA-1222	0.537895522	0.587181517	0.165576919	0.059151395	8.131201187
SZUA-1223	4.833933315	6.52031821	2.286172708	12.09810794	22.87060182
SZUA-1226	41.40623434	32.35680316	1.579818351	31.5213391	18.81967427
SZUA-1228	32.50548059	30.70321854	0.559395644	8.549649266	10.31968333
SZUA-1233	12.30418999	18.69718312	1.733787915	20.30700202	21.26258644
SZUA-1234	0.249810285	0.310125629	0.515562788	13.23430558	33.70151711
SZUA-1235	0.206612765	0.191935767	0.097351673	15.25028316	32.94018859
SZUA-1236	40.83764756	28.16853392	5.0104401	106.4136515	72.65458038
SZUA-1240	5.435434416	5.441288512	1.16247808	9.470726821	15.03967821
SZUA-1241	2.484362574	2.487540976	24.10002398	10.33163162	12.96223885
SZUA-1242	3.150298015	5.394007972	7.104792001	20.84028359	47.86778017
SZUA-1243	0.150769625	0.119506449	0.415607557	6.958367939	15.55905302
SZUA-1246	0.019011171	0.026239741	0.037067826	721.8154987	2.374415764
SZUA-1249	25.99307531	19.35970037	11.0974587	30.6862464	25.39703468
SZUA-1252	4.444673038	4.439789529	0.091340292	13.42399053	37.0831794
SZUA-1253	36.32175182	38.46830653	2.862883976	28.96437412	42.61084082
SZUA-1254	1.909541275	1.495810467	0.781300566	13.80727792	20.84433803
SZUA-1257	10.12767431	6.44109499	3.362113321	9.381408778	18.41524445
SZUA-1258	0.638117443	0.448901902	7.335528166	10.04364778	19.27932918
SZUA-1262	26.13823067	27.59242651	5.130627186	32.99868006	33.68287282
SZUA-1263	0.369409676	0.390247039	0.563944589	14.10437403	29.58780763
SZUA-1264	0.026515234	0.036675004	0.026240843	27.07588115	0.150273715
SZUA-1266	0.572656403	0.505869916	1.473558286	34.15842933	24.01091553
SZUA-1270	7.957629764	7.108082565	3.067816437	15.2402676	26.30987146
SZUA-1271	0.280444384	0.641340468	0.159784205	15.58002087	31.93697638
SZUA-1276	6.829259065	1.906200647	4.943932007	30.30520485	24.52040094
SZUA-1278	6.510580434	4.782150831	0.766557353	36.56448019	25.1865858
SZUA-1285	4.034747407	5.817123027	8.925866432	23.30285343	49.98872865
SZUA-1287	7.665484999	6.944960731	1.99219027	22.54343318	41.75306512
SZUA-1290	34.72713362	37.87044265	0.934639694	24.218447	37.77770801
SZUA-1291	16.68156437	16.53879057	25.65296481	105.1068848	88.43729839
SZUA-1292	0.783927242	0.681624581	0.079729354	13.03767908	26.64777713
SZUA-1295	7.124125501	8.356756564	5.820218792	17.0415658	27.33345973
SZUA-1298	0.018191919	0.019917748	0.182702526	15.25711444	31.06532102
SZUA-1301	59.97139117	44.13366858	13.22797485	90.73560534	47.85450451
SZUA-1304	0.374904787	0.385382224	1.501183875	28.34047163	20.86137671
SZUA-1305	8.468993604	6.269147905	1.996743548	37.14718679	24.13033236
SZUA-1306	1.418143378	1.098919906	0.766705132	11.79394738	17.52913646
SZUA-1311	24.45440653	17.9329597	12.29516827	30.82509109	24.21505471
SZUA-1312	0.002218883	0.002574476	0.000711825	8.850322834	34.16434696
SZUA-1314	1.329587436	0.986356309	11.86583976	12.90884702	24.5269499
SZUA-1315	48.18737051	65.08205429	14.58169468	94.04741131	167.6474432
SZUA-1316	37.10383019	35.00713327	0.677244422	9.094300621	10.70649198
SZUA-1318	8.338826623	6.6164965	3.730443528	22.06804433	30.23230548
SZUA-1319	25.31860348	16.65700294	24.46899881	27.79440017	41.8932483
SZUA-1322	0.387473083	0.281343955	2.328859086	32.33373237	79.88912809
SZUA-1323	9.055637703	7.687236709	2.140177852	28.95446493	59.45854884
SZUA-1325	2.075498306	3.149977699	0.240930068	10.98472923	16.11509956
SZUA-1326	6.006980325	5.537778173	2.234426992	16.16731516	40.71511508
SZUA-1327	0.000449739	0.001058563	0.000530502	1.407389925	12.2625464
SZUA-1329	13.86039596	8.899801119	9.671107694	12.42816674	22.75036918
SZUA-1331	6.870199444	4.902604498	0.750372856	37.84137152	24.62278707
SZUA-1332	24.00963506	27.23579243	3.237025611	29.80939522	46.68611787
SZUA-1335	50.54096814	69.41973814	40.95367771	270.3227746	418.7120801
SZUA-1337	5.875667143	7.512866438	5.466654022	16.41062217	28.17757629
SZUA-1338	0.107818863	0.113157113	1.973189082	28.94231756	20.02034596
SZUA-1346	35.41766735	38.66164245	1.930148663	27.67419391	41.10438356
SZUA-1347	3.195368938	2.905655238	4.488363626	31.49422198	26.65463148
SZUA-1356	16.31908629	12.0253227	3.294300187	51.31820216	38.06530963
SZUA-1361	9.134214296	8.125630757	0.905582203	41.05330655	18.97538385
SZUA-1363	114.3530419	127.4032143	2.328074732	55.76297515	180.1557084
