Head	CymD.D.LB	CymD.D.LRP	CymD.D.MRP	CymD.D.PD.FS851	CymD.D.PD.FS852	CymD.D.PD.FS854	CymD.D.PD.FS856	CymS.D.B	CymS.D.HRP.1	CymS.D.LRP.1	CymS.D.VD.FS841	CymS.D.VD.FS842	CymS.D.VD.FS844	CymS.D.VD.FS848	CymS.D.VD.FS849	CymS.D.VD.FS866	CymS.D.VD.FS872	CymS.D.VD.FS874	CymS.D.VD.FS877	CymS.D.VD.FS879	CymS.D.VD.FS881	GyBn.D.NBP	LBAb.D.HRP	LBAb.D.LRP	LBAb.D.NBB	LBKM.D.HRP	LBKM.D.LRP	LBKM.D.MRP	LBKM.D.NBP	LBMa.D.BPB	LBMa.D.RP	LBTa.D.APB	LBTa.D.RP	LBTu.D.RP
TIGR01054	0	0	0	61	16	5	10	0	0	0	60	55	1	48	29	91	0	7	11	25	76	0	0	0	0	0	0	0	0	0	0	0	0	0
TIGR02717	0	0	0	15	24	4	3	3	7	8	16	27	44	39	11	57	88	4	13	3	9	0	0	0	0	0	1	2	3	0	0	0	0	0
TIGR00016	0	0	0	10	43	8	10	3	7	8	8	10	1	0	7	0	5	87	54	6	8	5	19	16	8	13	24	59	8	0	0	3	13	40
TIGR00651	35	30	28	4	17	10	12	19	14	16	15	5	64	13	49	1	61	75	50	22	4	35	28	26	18	28	32	56	19	17	3	77	29	20
TIGR02188	57	55	50	34	94	60	63	41	54	55	68	62	52	15	30	8	25	104	67	32	38	71	73	69	82	82	82	86	84	53	30	97	89	59
PF09242	0	0	0	0	0	0	0	0	0	0	0	0	0	0	0	0	0	0	0	0	0	0	0	0	0	0	0	0	0	0	0	0	0	0
sulfide_quinone_oxidoreductase_sqr	2	2	3	22	56	41	42	0	6	17	14	47	30	22	20	4	1	3	14	34	19	4	0	16	4	0	0	0	0	0	0	0	0	0
PF08679	0	0	0	3	17	2	4	0	0	0	2	7	1	8	2	3	0	0	3	12	21	0	0	0	0	0	0	0	0	0	0	0	0	0
TIGR02064	1	2	3	11	53	7	7	0	6	5	13	52	10	5	2	0	5	0	3	8	0	3	7	2	9	14	9	5	5	0	0	1	14	0
TIGR02066	1	2	3	11	53	7	7	0	6	5	12	59	13	10	3	3	5	1	5	12	21	3	7	2	9	14	9	5	5	0	0	1	14	0
PF07682	0	0	0	0	2	0	1	0	0	0	11	47	8	0	1	0	0	0	0	0	0	0	0	0	0	0	0	0	0	0	0	0	0	0
sulfur_dioxygenase_sdo	66	71	70	9	44	2	1	46	43	49	9	23	15	15	6	2	39	155	103	35	12	96	77	53	77	49	30	84	28	79	33	93	67	35
TIGR04486	4	6	6	29	59	81	79	5	10	14	25	97	40	23	11	4	1	5	16	29	16	22	16	7	19	21	15	8	8	0	0	2	21	0
TIGR04488	5	9	8	75	39	74	79	4	4	13	4	13	14	14	8	3	0	3	10	20	16	27	6	3	3	21	13	7	6	0	0	2	7	0
TIGR04555	15	21	20	8	12	31	32	11	24	24	2	0	15	9	8	2	0	2	6	14	6	31	9	4	5	10	7	8	10	0	0	4	10	0
TIGR02910	0	0	0	0	0	0	0	0	0	0	0	0	0	0	0	0	0	0	0	0	0	0	0	0	0	0	0	0	0	0	0	0	0	0
TIGR02911	0	0	0	0	0	0	0	0	0	0	0	0	2	0	1	0	23	0	1	0	0	0	0	0	0	0	0	0	0	0	0	0	0	0
TIGR02912	0	0	0	0	0	0	0	0	0	0	0	0	0	0	0	0	0	0	0	0	0	0	0	0	0	0	0	0	0	0	0	0	0	0
TIGR02061	35	41	37	5	27	7	7	11	16	18	13	47	10	5	2	0	5	0	3	8	0	11	21	18	10	28	32	6	25	49	12	5	17	16
TIGR00339	42	48	46	4	19	4	6	27	30	34	24	65	45	20	11	6	86	0	13	22	22	15	41	32	26	38	49	22	41	60	12	11	44	48
TIGR00455	21	22	25	12	30	29	33	27	28	33	36	74	35	12	21	5	55	25	23	18	26	47	37	37	11	22	27	23	25	60	12	87	34	56
TIGR02034	2	2	3	7	9	21	22	5	8	10	1	0	6	4	2	1	1	88	56	15	10	24	18	11	18	22	19	57	7	2	18	77	29	7
thiosulfate_reductase_phsA	0	0	0	8	30	19	20	0	0	4	4	0	13	19	4	2	6	1	12	29	3	0	0	0	0	0	0	0	0	0	0	0	0	0
TIGR04105	0	0	0	0	0	0	0	0	0	0	0	0	0	0	0	0	0	0	0	0	0	0	0	0	0	0	0	0	0	0	0	0	0	0
TIGR02512	0	0	0	0	0	0	0	0	0	0	0	0	0	1	0	1	0	0	1	0	0	0	0	0	0	0	0	0	0	0	0	0	0	0
Hydrogenase_Group_1	0	0	0	112	23	20	27	2	14	9	26	100	50	20	25	11	48	19	28	44	34	0	0	0	0	0	0	0	0	0	0	0	0	0
Hydrogenase_Group_2a	0	0	0	0	0	0	0	0	0	0	1	8	0	0	0	1	0	2	0	1	5	0	0	0	0	0	0	4	0	0	0	66	0	0
Hydrogenase_Group_2b	0	0	0	7	30	1	0	2	6	7	12	47	11	1	6	1	1	16	14	3	4	0	0	0	0	0	0	0	0	0	0	0	0	0
Hydrogenase_Group_3a	0	0	0	6	4	2	1	0	0	0	1	0	0	28	1	47	0	0	3	3	5	0	0	0	0	0	0	0	0	0	0	0	0	0
Hydrogenase_Group_3b	0	0	0	0	0	0	0	0	0	0	18	57	26	1	8	0	67	0	3	0	0	0	0	16	4	0	0	4	0	0	0	0	0	0
Hydrogenase_Group_3c	0	0	0	17	31	7	8	0	0	0	1	0	1	28	1	47	10	0	4	3	5	0	0	0	0	0	0	0	0	0	0	0	0	0
Hydrogenase_Group_3d	0	0	0	0	0	1	2	0	0	0	12	47	23	5	2	1	14	1	4	9	2	0	0	0	0	0	0	0	0	0	0	0	0	0
Hydrogenase_Group_4	0	0	0	9	8	3	1	0	0	0	12	36	10	44	7	89	9	3	10	7	33	0	0	0	0	0	0	0	0	0	0	0	0	0
TIGR03080	0	0	0	0	0	0	0	0	0	0	0	0	0	0	0	0	0	0	0	0	0	14	6	3	3	7	6	4	3	0	0	2	7	0
TIGR03079	0	0	0	0	0	0	0	0	0	0	0	0	0	0	0	0	0	0	0	0	0	14	6	3	3	7	6	4	3	0	0	2	7	0
TIGR03078	0	0	0	0	0	0	0	0	0	0	0	0	0	0	0	0	0	0	0	0	0	27	6	3	3	7	6	4	3	0	0	2	7	0
PF02406	3	4	3	1	1	5	5	7	11	12	8	5	2	0	7	0	11	62	38	3	3	35	0	0	0	1	2	4	11	2	18	6	13	12
TIGR04550	0	0	0	0	0	0	0	0	0	0	0	0	0	0	0	0	0	0	0	0	0	0	0	0	0	0	0	0	0	0	0	0	0	0
TIGR03256	0	0	0	8	7	3	1	0	0	0	1	0	0	27	1	47	0	0	3	1	4	0	0	0	0	0	0	0	0	0	0	0	0	0
TIGR03257	0	0	0	8	7	3	1	0	0	0	1	0	0	27	1	47	0	0	3	1	4	0	0	0	0	0	0	0	0	0	0	0	0	0
TIGR03259	0	0	0	8	7	3	1	0	0	0	1	0	0	28	1	48	0	0	4	4	7	0	0	0	0	0	0	0	0	0	0	0	0	0
TIGR01861	0	0	0	0	0	0	0	0	0	0	0	0	0	0	0	0	0	0	0	0	0	0	0	0	0	0	0	0	0	0	0	0	0	0
TIGR02931	0	0	0	0	0	0	0	0	0	0	0	0	0	0	0	0	0	0	0	0	0	0	0	0	0	0	0	0	0	0	0	0	0	0
TIGR02929	0	0	0	0	0	0	0	0	0	0	0	0	0	0	0	0	0	0	0	0	0	0	0	0	0	0	0	0	0	0	0	0	0	0
TIGR01282	0	0	0	0	0	0	0	0	0	0	0	0	0	0	0	0	0	0	0	0	0	0	0	0	0	0	0	0	0	0	0	0	0	0
TIGR01286	0	0	0	0	0	0	0	0	0	0	0	0	0	0	0	0	0	0	0	0	0	0	0	0	0	0	0	0	0	0	0	0	0	0
TIGR01860	0	0	0	0	0	0	0	0	0	0	0	0	0	0	0	0	0	0	0	0	0	0	0	0	0	0	0	0	0	0	0	0	0	0
TIGR02932	0	0	0	0	0	0	0	0	0	0	0	0	0	0	0	0	0	0	0	0	0	0	0	0	0	0	0	0	0	0	0	0	0	0
TIGR02930	0	0	0	0	0	0	0	0	0	0	0	0	0	0	0	0	0	0	0	0	0	0	0	0	0	0	0	0	0	0	0	0	0	0
TIGR01287	0	0	0	7	6	2	0	0	0	0	2	0	1	32	1	48	0	0	7	11	5	0	0	0	0	0	0	0	0	0	0	0	0	0
nitrite_oxidoreductase_nxrA	0	0	0	0	0	0	0	0	0	0	0	0	0	0	0	0	0	0	0	0	0	0	0	0	0	0	0	0	0	0	0	0	0	0
nitrite_oxidoreductase_nxrB	0	0	0	0	0	0	0	0	0	0	0	0	0	0	0	0	4	0	0	0	0	0	0	0	0	0	0	0	0	0	0	0	0	0
TIGR01706	0	0	0	73	47	59	65	0	0	0	52	51	28	22	7	10	5	5	13	27	16	3	0	0	0	0	0	0	0	0	0	0	0	0
PF03892	1	2	3	73	35	77	73	0	5	3	63	99	47	30	8	5	0	6	19	32	12	3	0	0	0	0	0	0	0	0	0	0	0	0
TIGR01580	0	0	0	0	0	0	0	1	1	1	0	0	0	0	0	0	0	9	3	0	1	10	6	19	7	7	5	2	1	0	0	2	7	0
TIGR01660	0	0	0	0	0	0	0	1	1	1	0	5	0	0	0	0	0	9	3	0	1	11	6	19	7	7	5	2	1	0	0	2	7	0
TIGR03153	0	0	0	0	0	2	2	0	0	0	1	0	9	12	3	8	6	1	7	17	9	0	0	0	0	0	0	0	0	0	0	0	0	0
PF02335	1	2	3	1	1	11	6	4	4	4	1	0	11	4	1	0	3	1	4	9	2	7	0	0	0	1	1	1	1	0	0	0	0	0
TIGR03152	0	0	0	0	0	0	0	0	0	0	0	0	0	0	0	0	0	0	0	0	0	0	0	0	0	0	0	0	0	0	0	0	0	0
TIGR03148	0	0	0	0	0	0	0	0	0	0	0	0	0	0	0	0	0	0	0	0	0	0	0	0	0	0	0	0	0	0	0	0	0	0
TIGR02374	1	2	3	1	4	1	1	2	12	12	14	52	21	11	9	2	2	163	101	20	13	24	14	5	19	35	18	14	7	2	18	8	37	5
TIGR02378	1	2	3	1	9	5	1	6	15	15	13	47	11	1	7	1	2	87	54	7	8	24	19	7	21	35	18	57	7	2	18	8	37	5
TIGR02376	0	0	0	0	0	0	0	0	0	0	0	0	0	0	0	0	0	0	0	0	0	16	0	0	0	0	0	0	0	0	0	0	0	7
nitrite_reductase_nirS	0	0	0	2	3	1	1	0	0	0	51	56	9	1	2	1	0	3	1	2	6	0	0	0	0	0	0	0	0	0	0	0	0	0
nitric_oxide_reductase_norB	0	0	0	3	1	16	14	2	6	7	13	50	13	6	2	1	5	12	7	7	6	0	0	0	0	0	0	4	0	0	0	0	0	0
nitric_oxide_reductase_norC	6	4	5	57	19	20	24	5	4	4	13	50	23	16	3	2	0	4	10	20	7	3	23	20	9	9	16	12	14	0	0	2	7	20
PF05048	0	0	0	0	0	0	0	0	0	0	0	0	0	0	0	0	0	0	0	0	0	0	0	0	0	0	0	0	0	0	0	0	0	0
TIGR04247	0	0	0	12	35	18	20	0	0	0	24	107	22	6	4	1	0	3	5	7	5	0	0	0	0	0	0	0	0	0	0	0	0	0
TIGR04246	0	0	0	3	3	4	5	0	0	0	14	50	9	1	2	1	0	2	1	1	5	0	0	0	0	0	0	0	0	0	0	0	0	0
hydrazine_oxidase_hzoA	0	0	0	0	0	0	0	0	0	0	0	0	0	0	0	0	0	0	0	0	0	0	0	0	0	0	0	0	0	0	0	0	0	0
hydrazine_synthase_hzsA	0	0	0	0	0	0	0	0	0	0	0	0	0	0	0	0	0	0	0	0	0	0	0	0	0	0	0	0	0	0	0	0	0	0
TIGR04315	0	0	0	2	14	0	1	0	0	0	24	57	30	1	13	0	9	0	2	0	0	0	0	0	0	0	0	0	0	0	0	0	0	0
TIGR02891	50	56	54	0	0	0	0	40	47	48	11	47	16	5	4	1	1	27	20	13	8	55	21	16	15	53	41	19	43	52	12	20	34	0
TIGR02866	52	53	51	1	1	10	5	28	39	36	74	66	19	8	52	2	1	39	23	16	16	39	23	16	28	59	61	26	72	26	24	15	34	12
TIGR00780	3	4	5	11	37	21	20	6	33	27	24	99	33	16	12	3	2	35	28	21	17	10	7	2	9	14	8	9	3	2	18	8	14	7
TIGR00781	3	4	5	15	54	32	28	2	21	14	23	99	29	16	6	2	1	40	29	20	15	11	7	2	9	14	8	13	3	2	18	8	14	7
TIGR00782	19	20	19	19	71	31	24	12	35	30	62	166	80	37	33	3	11	43	45	41	10	25	13	6	23	19	14	19	25	2	18	13	43	32
TIGR01433	0	0	0	0	0	0	0	2	6	7	1	0	1	0	2	0	1	91	54	6	8	8	0	0	0	1	0	43	0	0	0	0	0	0
TIGR02847	0	0	0	0	0	0	0	2	6	7	1	0	1	0	2	0	1	91	54	6	8	8	0	0	0	0	0	0	0	0	0	0	0	0
TIGR01473	72	75	72	3	9	21	15	42	54	53	65	76	42	14	46	21	11	111	64	29	56	84	71	57	102	66	66	37	72	100	36	94	74	84
PF01654	4	3	3	64	60	14	23	2	6	11	15	48	43	19	23	4	15	159	106	40	33	15	0	0	0	9	5	137	8	2	18	13	29	5
TIGR00203	0	0	0	3	15	7	9	2	6	11	15	47	38	11	19	2	20	158	100	30	27	8	0	0	0	7	3	129	1	2	18	6	7	0
TIGR01432	0	0	0	0	0	0	0	0	0	0	0	0	0	0	0	0	0	0	0	0	0	0	0	0	0	0	0	0	0	0	0	0	0	0
TIGR02882	0	0	0	0	0	0	0	0	0	0	0	0	0	0	0	0	0	0	0	0	0	0	0	0	0	0	0	0	0	0	0	0	0	0
methanol_dehydrogenase_pqq_xoxF_mxaF	41	41	39	0	0	0	0	31	51	58	11	47	8	0	2	0	2	59	33	5	10	50	9	4	5	11	11	8	16	3	36	15	7	0
TIGR04266	0	0	0	0	0	0	0	0	0	0	0	0	0	0	0	0	0	0	0	0	0	0	0	0	0	0	0	0	0	0	0	0	0	0
TIGR02659	0	0	0	0	0	0	0	3	7	8	0	0	0	0	0	0	1	16	13	2	4	11	0	0	0	1	1	1	2	0	0	0	0	0
TIGR02658	0	0	0	0	0	0	0	1	1	2	0	0	0	0	0	0	1	16	13	2	4	11	0	0	0	1	1	1	2	0	0	0	0	0
TIGR02819	0	0	0	0	0	0	0	0	0	0	0	0	0	0	0	0	0	0	0	0	0	0	0	0	0	0	0	0	0	0	0	0	0	0
TIGR02821	2	2	2	7	33	4	0	3	3	3	1	0	1	2	2	0	1	87	55	8	8	11	0	0	0	3	5	48	5	3	36	10	0	12
TIGR02818	9	11	10	0	5	3	0	5	4	4	1	0	1	0	1	0	1	87	53	6	8	21	3	2	7	9	10	8	11	3	36	17	7	16
TIGR03451	20	22	20	0	0	0	0	11	10	12	0	0	0	0	0	0	0	0	0	0	0	12	0	0	0	0	0	0	0	0	0	0	0	0
TIGR03126	0	0	0	12	9	3	1	5	18	20	24	102	29	33	5	50	6	0	6	9	26	30	12	5	6	16	12	5	3	0	0	3	14	0
TIGR03119	0	0	0	6	15	6	10	2	6	7	13	62	15	37	4	52	3	0	6	16	47	13	12	5	6	14	11	6	3	0	0	3	14	0
TIGR03120	0	0	0	8	11	5	6	2	6	7	12	54	15	32	3	49	3	0	5	8	25	15	6	3	3	9	7	3	2	0	0	2	7	0
TIGR01591	19	23	24	6	28	3	2	28	31	36	14	56	37	5	3	1	22	10	7	9	2	24	24	21	4	54	70	15	59	43	27	13	4	28
TIGR01582	5	6	6	0	0	0	0	4	4	4	3	0	4	8	2	1	7	9	8	14	1	0	0	0	0	0	0	0	0	0	0	0	0	0
TIGR01583	9	13	11	3	16	4	5	9	8	10	11	52	34	6	3	0	15	10	7	6	1	9	11	7	5	12	10	5	6	2	18	9	10	7
carbon_monoxide_dehydrogenase_coxS	232	252	240	12	56	1	0	110	97	116	25	6	83	7	85	2	151	2	9	5	2	53	106	98	56	67	92	34	89	146	31	21	34	87
carbon_monoxide_dehydrogenase_coxM	193	197	187	21	97	2	3	82	74	87	22	5	33	6	84	2	124	26	24	7	6	50	171	139	150	62	91	48	74	147	49	21	39	119
TIGR02416	303	341	305	8	42	1	1	157	144	172	24	5	64	3	40	1	75	3	3	3	5	70	98	84	62	65	91	45	88	71	12	12	20	159
rubisco_form_I	1	2	3	0	0	0	0	0	5	3	19	52	11	1	11	1	1	0	1	1	1	0	10	4	16	13	7	10	4	0	0	6	14	12
rubisco_form_II	0	0	0	6	28	0	0	0	0	0	0	0	0	0	0	0	0	0	0	0	0	4	3	2	7	0	0	0	0	0	0	0	0	0
rubisco_form_II_III	0	0	0	0	0	0	0	0	0	0	0	0	0	0	0	0	0	0	0	0	0	0	0	0	0	0	0	0	0	0	0	0	0	0
rubisco_form_III	0	0	0	0	0	0	0	0	0	0	16	8	2	10	12	7	0	0	3	2	4	0	0	0	0	0	0	0	0	0	0	0	0	0
rubisco_form_IV	0	0	0	0	0	0	0	0	0	0	0	0	0	0	0	0	0	0	0	0	0	0	0	0	0	0	0	0	0	0	0	0	0	0
TIGR00381	0	0	0	13	28	6	7	0	0	0	11	5	15	32	8	48	49	0	9	11	5	0	0	0	0	0	0	0	0	0	0	0	0	0
TIGR00316	0	0	0	18	32	7	8	0	0	0	2	0	19	1	1	0	42	0	3	2	1	0	0	0	0	0	0	0	0	0	0	0	0	0
TIGR01702	0	0	0	6	31	3	6	0	0	0	15	6	31	12	10	4	56	0	11	14	0	0	0	0	0	0	0	0	0	0	0	0	0	0
acetate_citrate_lyase_aclA	0	0	0	2	1	4	4	0	0	0	0	0	0	3	11	1	0	0	1	10	14	1	0	16	4	0	0	0	0	0	0	0	0	0
acetate_citrate_lyase_aclB	0	0	0	2	2	10	11	0	0	0	1	0	28	8	18	2	9	1	5	24	21	1	0	16	4	0	0	0	0	0	0	0	0	7
TIGR01792	9	10	11	9	47	7	4	17	30	34	1	5	3	4	1	0	0	14	5	3	1	16	32	26	14	30	37	61	28	2	18	14	29	52
TIGR00192	9	10	11	9	47	7	4	22	34	38	4	0	12	17	2	1	0	14	14	19	1	18	22	20	9	25	28	59	20	2	18	13	35	52
TIGR00193	9	10	11	9	47	7	4	22	34	38	3	5	9	13	2	1	0	14	12	17	1	18	22	20	9	25	28	59	20	2	18	13	35	52
TIGR01428	153	170	160	6	28	1	0	123	107	124	6	7	1	4	1	4	0	1	2	1	3	20	100	96	79	67	108	29	105	77	54	35	39	70
TIGR02486	31	38	41	0	0	0	0	23	23	27	0	0	2	0	0	0	13	0	0	0	0	16	36	37	7	7	11	22	23	110	25	12	18	59
TIGR03479	9	8	8	0	0	0	0	0	0	0	3	12	0	1	1	17	0	1	1	2	14	15	0	0	0	0	0	0	0	0	0	0	0	7
TIGR03478	5	4	4	0	0	0	0	0	0	0	0	0	0	1	0	0	0	0	1	1	6	3	0	0	0	0	0	0	0	0	0	0	0	7
PF06778	43	44	42	0	0	0	0	21	19	22	0	0	0	0	0	0	4	0	0	0	0	17	11	14	4	12	18	15	20	0	0	3	16	25
TIGR02694	0	0	0	7	28	10	5	0	0	0	1	5	10	10	1	1	0	2	7	11	0	11	0	0	0	0	0	0	0	0	0	0	0	0
TIGR02693	0	0	0	6	28	0	0	0	0	0	1	5	10	10	1	1	0	2	7	11	0	10	0	0	0	0	0	0	0	0	0	0	0	0
TIGR00014	14	15	15	15	43	28	24	23	34	37	13	52	20	12	5	1	2	108	74	19	13	44	56	46	33	69	73	85	68	64	30	98	72	57
TIGR02691	2	2	2	3	16	9	11	9	11	12	1	0	6	1	0	0	7	0	2	1	6	8	5	7	2	6	7	10	13	36	6	71	20	21
TIGR02689	0	0	0	0	0	0	0	0	0	0	0	0	0	0	0	0	0	0	0	0	0	0	0	0	0	0	0	0	0	0	0	0	0	0
TIGR03312	0	0	0	0	0	0	0	0	0	0	7	5	0	0	5	0	0	0	1	0	0	0	0	0	0	0	0	0	0	0	0	0	0	0
TIGR03313	2	2	3	0	0	0	0	2	1	2	1	0	37	0	1	0	59	0	1	0	0	7	0	0	0	0	0	0	0	0	0	0	0	0
TIGR03315	13	10	8	2	14	0	1	0	0	0	1	0	11	0	0	0	16	0	1	0	0	1	0	0	0	0	0	0	0	0	0	0	0	12
TIGR01323	46	51	49	6	28	0	0	28	27	31	0	0	0	0	0	0	0	0	0	0	0	10	22	21	7	11	14	5	19	0	0	3	3	11
TIGR03888	10	13	14	6	28	0	0	14	15	16	0	0	0	0	0	0	0	0	0	0	0	8	20	20	3	7	11	3	13	0	0	4	3	11
TIGR03507	0	0	0	0	0	0	0	0	0	0	0	0	0	0	0	0	0	0	0	0	0	0	0	0	0	0	0	0	0	0	0	0	0	0
TIGR03509	0	0	0	0	0	0	0	0	0	0	0	0	0	0	0	0	0	0	0	0	0	1	0	0	0	0	0	0	0	0	0	0	0	0
assA	0	0	0	0	0	0	0	0	0	0	0	0	0	0	0	0	0	0	0	0	0	0	0	0	0	0	0	0	0	0	0	0	0	0
masD	0	0	0	0	0	0	0	0	0	0	0	0	0	0	0	0	0	0	0	0	0	0	0	0	0	0	0	0	0	0	0	0	0	0
lactate_dehydrogenase	9	17	12	8	42	1	1	22	26	30	10	29	31	11	16	9	62	238	145	18	35	23	32	24	50	21	16	143	11	8	89	36	28	14
phosphate_acetyltransferase	9	12	12	16	70	8	10	8	7	8	5	5	19	12	5	2	39	116	79	25	15	11	4	4	1	3	3	44	1	0	0	69	0	0
acetate_kinase	0	0	0	1	1	6	7	4	12	13	1	0	21	0	2	0	9	71	40	4	4	2	0	0	0	1	0	43	0	0	0	0	0	0
acetyl-CoA_synthetase	61	65	62	38	108	60	62	52	65	69	88	91	71	63	47	36	58	239	174	93	57	72	108	93	130	85	98	132	112	51	30	97	99	96
aldehyde_dehydrogenase	348	396	389	244	755	191	175	354	428	464	291	597	300	178	372	121	204	2341	1393	290	255	406	574	455	472	431	417	1164	368	478	661	1024	440	320
alcohol_dehydrogenase	348	397	370	427	653	208	202	356	432	479	415	542	208	206	188	163	200	2698	1555	354	352	489	388	343	336	371	381	1327	318	277	671	772	357	449
KEGG.B01	3	4	3	0	0	0	0	7	7	8	0	0	0	0	0	0	0	0	0	0	0	69	0	0	0	0	0	0	0	0	0	0	0	0
KEGG.B02	0	0	0	0	0	0	0	0	0	0	0	0	0	0	0	0	0	0	0	0	0	0	0	0	0	0	0	0	0	0	0	0	0	0
KEGG.B03	0	0	0	0	0	0	0	0	0	0	0	0	0	0	0	0	0	0	0	0	0	0	0	0	0	0	0	0	0	0	0	0	0	0
KEGG.B04	0	0	0	0	0	0	0	0	0	0	0	0	0	0	0	0	0	0	0	0	0	0	0	0	0	0	0	0	0	0	0	0	0	0
KEGG.B05	0	0	0	0	0	0	0	0	0	0	0	0	0	0	0	0	0	0	0	0	0	100	0	0	0	0	0	0	0	10	107	30	0	0
KEGG.B06	0	0	0	0	0	0	0	1	1	1	0	0	0	0	0	0	0	0	0	0	0	23	0	0	0	1	0	86	0	10	107	15	0	7
KEGG.B07	14	17	17	0	0	0	0	19	16	19	0	0	0	0	0	0	0	0	0	0	0	5	15	16	1	27	37	6	42	30	59	27	13	11
KEGG.B08	32	29	28	0	0	1	0	11	8	11	0	0	0	0	0	0	0	0	0	0	0	48	35	35	19	40	49	14	51	92	71	96	18	16
KEGG.B09	0	0	0	0	0	0	0	0	0	0	0	0	0	0	0	0	0	0	0	0	0	0	0	0	0	0	0	0	0	0	0	0	0	0
KEGG.B10	0	0	0	0	0	0	0	0	0	0	0	0	0	0	0	0	0	0	0	0	0	0	0	0	0	0	0	0	0	0	0	0	0	0
KEGG.B11	0	0	0	0	0	0	0	0	0	0	0	0	0	0	0	0	0	0	0	0	0	4	0	0	0	0	0	0	0	0	0	0	0	0
KEGG.B12	0	0	0	0	0	0	0	0	0	0	0	0	0	0	0	0	0	0	0	0	0	0	0	0	0	0	0	0	0	0	0	0	0	0
KEGG.B13	0	0	0	0	0	0	0	0	0	0	0	0	0	0	0	0	0	0	0	0	0	0	0	0	0	0	0	0	0	0	0	0	0	0
KEGG.B14	31	33	30	0	0	0	0	13	12	15	0	0	0	0	0	0	0	0	0	0	0	12	15	16	1	11	13	3	17	25	6	7	7	0
KEGG.B15	0	0	0	0	0	0	0	0	0	0	0	0	0	0	0	0	0	0	0	0	0	0	0	0	0	0	0	0	0	0	0	0	0	0
KEGG.B16	0	0	0	0	0	0	0	0	0	0	0	0	0	0	0	0	0	0	0	0	0	0	0	0	0	0	0	0	0	0	0	0	0	0
KEGG.B17	43	51	49	0	0	0	0	9	9	10	0	0	0	0	0	0	0	0	0	0	0	4	5	4	2	3	3	4	5	0	0	1	9	11
KEGG.B18	0	0	0	0	0	0	0	0	0	0	0	0	0	0	0	0	0	0	0	0	0	0	0	0	0	0	0	0	0	0	0	0	0	0
KEGG.B19	0	0	0	0	0	0	0	0	0	0	0	0	0	0	0	0	0	0	0	0	0	0	0	0	0	0	0	0	0	0	0	0	0	0
KEGG.B20	99	99	95	81	112	45	52	90	101	100	101	171	169	52	96	48	151	168	126	79	70	96	187	150	129	163	185	202	178	247	84	131	185	207
KEGG.B21	0	0	0	0	0	0	0	0	0	0	0	0	0	0	0	0	0	0	0	0	0	0	0	0	0	2	4	0	3	0	0	0	0	0
KEGG.B22	90	92	86	38	108	60	62	63	73	79	90	70	83	46	44	25	97	239	169	84	57	91	127	128	101	109	117	153	112	104	60	112	117	113
KEGG.B23	10	9	10	6	28	0	0	11	9	11	1	0	1	0	2	0	0	133	77	7	7	37	32	30	16	16	14	51	3	37	26	76	10	0
KEGG.C01	97	88	92	0	0	0	0	47	38	48	4	20	27	0	1	0	66	0	3	0	1	115	96	100	20	50	85	21	73	165	40	14	35	68
KEGG.C02	0	0	0	0	0	0	0	6	15	16	0	0	0	0	1	0	2	32	27	4	7	22	0	0	0	1	2	3	5	0	0	0	0	0
KEGG.C03	0	0	0	0	0	0	0	0	0	0	0	0	0	0	0	0	0	0	0	0	0	0	0	0	0	0	0	0	0	0	0	0	0	0
GH1	1	2	3	6	28	0	0	5	4	4	9	6	45	4	8	5	84	0	6	1	0	10	0	0	0	4	5	14	10	11	64	0	0	0
GH10	0	0	0	0	0	0	0	0	0	0	1	0	0	0	0	0	9	0	0	0	0	1	3	2	2	9	6	2	3	0	0	0	0	20
GH100	13	10	8	0	0	0	0	0	0	0	0	1	2	0	0	0	7	0	0	0	1	0	0	0	0	0	0	0	0	0	0	0	0	0
GH102	4	7	5	10	47	8	5	7	15	11	1	5	4	8	1	1	1	16	17	13	4	7	8	6	4	8	5	1	5	0	0	1	7	14
GH103	19	23	24	35	108	72	54	21	42	41	20	52	46	41	16	5	2	165	119	56	18	47	32	24	19	50	52	104	65	99	54	25	43	20
GH104	0	0	0	4	6	2	2	0	0	0	0	0	0	0	0	0	0	0	0	0	0	0	0	0	0	0	0	0	0	0	0	0	0	0
GH105	24	23	21	0	0	0	0	13	12	13	17	52	9	0	7	0	0	0	1	0	0	3	1	6	0	3	2	0	1	0	0	2	0	0
GH106	0	0	0	0	0	0	0	0	0	0	1	0	1	0	0	0	15	16	14	2	4	0	5	7	2	0	0	0	0	0	0	0	0	0
GH108	0	0	0	7	28	10	5	0	0	0	1	9	0	1	0	1	0	2	1	1	5	0	0	0	0	1	0	90	0	0	0	0	0	0
GH109	488	510	488	37	115	82	92	533	472	521	79	120	139	37	75	16	485	118	100	46	31	346	1732	1561	809	1122	2064	1136	972	344	71	397	1194	3436
GH110	0	0	0	0	0	0	0	0	0	0	0	0	0	0	0	0	4	0	0	0	0	1	0	0	0	0	0	0	0	0	0	0	0	0
GH113	0	0	0	0	0	1	0	6	7	7	0	0	0	0	0	0	0	0	0	0	0	6	10	8	4	3	1	3	2	0	0	66	0	20
GH114	21	21	19	14	61	9	8	3	2	2	12	52	27	4	2	0	50	18	8	4	2	2	0	0	0	0	0	0	0	2	18	7	0	0
GH116	0	0	0	0	0	0	0	2	2	2	1	0	8	0	0	0	24	0	1	0	0	0	0	0	0	0	0	0	0	0	0	0	0	0
GH117	0	0	0	1	1	1	1	8	7	7	0	0	0	0	0	0	0	0	0	0	0	4	19	16	8	16	29	22	11	0	0	6	17	20
GH12	3	2	3	0	0	0	0	6	5	5	0	0	0	0	0	0	1	16	13	2	4	0	0	0	0	0	0	0	0	0	0	0	0	0
GH120	0	0	0	0	0	0	0	0	0	0	0	5	0	0	0	0	0	0	0	0	0	1	10	8	4	4	7	1	6	11	64	0	0	20
GH122	0	0	0	0	0	0	0	0	0	0	4	1	0	4	1	4	0	0	2	1	1	0	0	0	0	0	0	0	0	0	0	0	0	0
GH123	0	0	0	2	14	0	1	1	1	1	2	0	1	0	0	0	27	0	0	0	0	1	10	8	4	5	11	6	4	0	0	2	7	0
GH125	0	0	0	0	0	0	0	1	1	1	0	0	0	0	0	0	1	16	13	2	4	0	0	0	0	0	0	0	0	0	0	0	0	0
GH127	0	0	0	0	0	0	0	2	2	2	1	0	0	0	0	0	9	0	0	0	0	1	10	8	4	5	11	6	4	0	0	2	7	20
GH128	0	0	0	0	0	0	0	0	0	0	13	10	1	0	11	0	0	0	1	0	0	0	0	0	0	0	0	0	0	0	0	0	0	0
GH129	0	0	0	0	0	0	0	0	0	0	0	0	0	0	0	0	0	0	0	0	0	1	0	0	0	0	0	0	0	0	0	0	0	0
GH13	2	2	2	0	0	0	0	7	5	6	0	0	0	0	0	0	0	0	0	0	0	5	13	11	4	13	18	18	6	27	6	12	7	25
GH130	0	0	0	57	11	5	13	9	8	10	10	35	21	9	12	27	65	21	20	13	52	2	53	48	16	25	55	31	19	69	263	10	36	65
GH133	0	0	0	0	0	0	0	4	3	3	7	5	2	2	6	1	0	0	3	1	2	4	0	0	0	0	0	4	0	0	0	0	0	0
GH134	0	0	0	0	0	0	0	0	0	0	0	0	0	0	0	0	0	0	0	0	0	1	0	0	0	0	0	0	0	0	0	0	0	0
GH135	0	0	0	0	0	0	0	0	0	0	0	5	0	0	0	0	0	0	0	0	0	0	0	0	0	0	0	4	0	0	0	0	0	0
GH136	3	3	4	0	0	7	7	0	0	0	3	0	0	0	0	0	4	0	0	0	1	0	0	0	0	0	0	0	0	0	0	0	0	0
GH137	0	0	0	0	0	0	0	2	2	2	0	0	0	0	0	0	0	0	0	0	0	0	10	8	4	5	11	6	4	0	0	3	13	40
GH139	0	0	0	0	0	0	0	1	1	1	0	0	0	0	0	0	0	0	0	0	0	0	10	8	4	5	11	6	4	0	0	2	7	20
GH13_10	0	0	0	0	0	0	0	0	0	0	0	0	0	0	0	0	0	0	0	0	0	2	0	0	0	1	1	3	2	0	0	1	9	5
GH13_11	18	16	16	2	14	0	1	4	4	4	8	0	8	13	41	1	5	16	22	20	4	5	3	2	7	6	8	6	11	0	0	1	13	12
GH13_13	0	0	0	0	0	0	0	0	0	0	0	0	0	0	0	0	0	0	0	0	0	0	0	0	0	0	0	0	0	2	18	5	0	0
GH13_16	0	0	0	0	0	0	0	0	0	0	7	5	35	0	6	0	46	0	1	0	0	0	0	0	0	0	0	0	0	0	0	0	0	0
GH13_18	0	0	0	1	1	7	8	2	6	7	1	5	18	0	1	0	67	9	5	1	1	2	0	0	0	0	0	0	0	2	18	5	0	0
GH13_19	0	0	0	0	0	0	0	0	0	0	0	0	0	0	0	0	0	0	0	0	0	0	0	0	0	0	0	0	0	2	18	5	0	0
GH13_20	0	0	0	0	0	0	0	1	1	1	15	10	24	3	12	3	52	0	3	1	0	2	0	0	0	0	0	0	0	0	0	0	0	0
GH13_23	0	0	0	6	28	0	0	24	16	17	0	5	0	0	0	0	1	16	13	2	4	5	3	2	7	1	2	5	2	2	18	1	13	12
GH13_24	0	0	0	0	0	0	0	0	0	0	0	0	0	0	0	0	0	0	0	0	0	0	0	0	0	0	0	0	0	2	18	5	0	0
GH13_26	0	0	0	0	0	0	0	0	0	0	0	0	0	0	0	0	0	0	0	0	0	0	0	0	0	3	2	5	4	0	0	2	18	10
GH13_3	0	0	0	0	0	0	0	0	0	0	1	0	0	0	1	0	0	62	37	3	3	0	0	0	0	3	2	0	1	0	0	0	0	0
GH13_31	0	0	0	0	0	0	0	0	0	0	0	0	0	0	0	0	0	0	0	0	0	0	2	3	1	0	0	0	0	0	0	0	0	0
GH13_36	0	0	0	0	0	0	0	0	0	0	7	5	14	0	6	0	37	0	1	0	0	0	5	4	2	0	0	0	0	0	0	0	0	0
GH13_4	0	0	0	0	0	0	0	2	6	7	7	5	0	0	5	0	0	0	1	0	0	0	0	0	0	0	0	0	0	0	0	0	0	0
GH13_6	0	0	0	0	0	0	0	0	0	0	0	0	0	0	0	0	0	0	0	0	0	0	0	0	0	0	0	0	0	0	0	0	0	0
GH13_7	0	0	0	0	0	0	0	0	0	0	2	1	0	4	1	3	0	0	1	0	0	0	0	0	0	0	0	0	0	0	0	2	0	0
GH13_9	14	12	11	3	16	2	2	33	29	31	15	52	16	13	4	1	5	17	23	21	4	8	10	4	16	13	7	10	4	0	0	2	27	12
GH14	0	0	0	0	0	0	0	0	0	0	0	0	0	0	0	0	0	0	0	0	0	0	0	0	0	0	0	4	0	0	0	0	0	0
GH140	0	0	0	1	1	6	5	5	4	4	11	47	9	0	2	0	10	0	0	0	0	5	1	6	0	0	0	0	0	0	0	0	0	0
GH141	0	0	0	0	0	0	0	1	1	1	2	0	1	0	1	0	31	16	14	2	4	0	10	8	4	10	22	12	7	0	0	3	13	40
GH142	2	2	2	0	0	0	0	2	1	2	0	0	1	0	0	0	6	0	0	0	0	0	7	7	3	0	0	0	0	0	0	0	0	0
GH144	0	0	0	0	0	0	0	0	0	0	0	0	0	0	0	0	0	0	0	0	0	1	0	0	0	0	0	0	0	0	0	5	0	0
GH145	0	0	0	0	0	0	0	2	2	2	1	0	0	0	0	0	13	0	0	0	0	1	10	8	4	5	11	6	4	0	0	3	13	60
GH146	1	2	3	0	0	0	0	0	0	0	1	0	0	0	0	0	10	16	13	2	4	0	0	0	0	0	0	0	0	0	0	0	0	0
GH148	0	0	0	0	0	0	0	0	0	0	1	0	1	0	0	0	22	0	0	0	0	0	14	5	19	6	4	2	7	0	0	0	0	0
GH149	0	0	0	0	0	0	0	0	0	0	0	0	0	0	0	0	0	0	0	0	0	1	0	0	0	0	0	0	0	0	0	0	0	0
GH15	24	24	23	13	10	4	2	8	5	7	0	5	1	1	0	1	6	16	13	3	5	11	0	0	0	4	4	13	8	0	0	4	18	10
GH151	11	10	10	0	0	1	0	5	3	4	2	20	0	0	1	13	4	2	0	1	12	1	10	8	4	16	23	8	31	0	0	3	13	20
GH153	0	0	0	1	1	6	6	0	0	0	1	0	0	0	1	0	0	62	37	3	3	0	0	0	0	1	0	43	0	0	0	0	0	0
GH16	12	11	12	0	0	0	0	6	5	5	1	10	8	0	0	0	10	0	1	0	0	3	21	21	9	16	13	2	11	0	0	4	7	40
GH17	0	0	0	0	0	0	0	1	1	1	0	0	0	0	0	0	0	0	0	0	0	0	0	0	0	0	0	0	0	0	0	0	0	0
GH18	10	7	9	0	0	2	2	7	5	6	29	99	41	1	9	0	28	16	15	2	4	6	0	0	0	7	6	6	12	0	0	66	0	0
GH19	0	0	0	0	0	0	0	0	0	0	0	0	0	0	0	0	1	20	14	2	4	0	0	0	0	1	0	43	0	0	0	0	0	0
GH2	13	12	13	2	1	12	8	12	10	12	2	0	5	0	0	0	49	16	14	2	4	26	32	29	24	15	21	17	15	71	12	81	57	76
GH20	7	6	6	0	0	0	0	2	1	1	1	0	1	0	0	0	14	0	0	0	0	13	8	3	17	13	13	13	15	36	6	71	33	23
GH23	89	99	93	331	304	141	137	121	165	168	128	253	140	109	64	33	110	470	342	184	106	155	175	117	193	172	148	398	130	80	165	205	218	172
GH24	0	0	0	0	0	2	1	0	0	0	2	0	1	0	3	0	0	186	112	10	9	2	0	0	0	1	0	90	0	0	0	0	0	0
GH25	0	0	0	0	0	1	0	0	0	0	7	5	1	0	7	0	1	78	51	5	7	1	0	0	0	1	0	43	0	0	0	0	0	0
GH26	0	0	0	0	0	1	1	0	0	0	0	0	1	0	0	0	6	0	0	0	0	0	0	0	0	0	0	0	0	0	0	0	0	0
GH28	3	3	3	0	0	0	0	15	12	13	0	0	0	0	0	0	4	0	0	0	0	6	10	8	4	6	13	9	9	2	18	12	7	20
GH29	2	2	2	0	0	0	0	8	6	7	1	0	1	0	0	0	19	0	0	0	0	6	28	29	16	14	16	11	8	0	0	3	13	36
GH3	44	43	45	24	53	79	72	40	47	53	28	94	84	25	14	3	84	87	62	36	10	61	44	35	36	64	75	85	78	60	12	95	83	36
GH30	0	0	0	0	0	0	0	0	0	0	0	0	0	0	0	0	0	0	0	0	0	0	0	0	0	0	0	0	0	0	0	5	0	0
GH31	0	0	0	0	0	0	0	0	0	0	1	0	46	0	2	0	90	0	3	0	0	0	0	0	0	3	2	4	1	0	0	5	0	7
GH32	4	4	4	1	3	1	2	10	10	10	1	0	1	0	0	0	22	0	0	0	0	3	58	49	24	48	102	58	35	0	0	16	60	221
GH33	50	41	46	0	0	3	4	66	55	56	15	5	17	1	11	1	121	0	4	1	1	95	163	137	88	172	247	128	113	117	23	70	250	392
GH36	0	0	0	0	0	0	0	0	0	0	1	0	4	0	1	0	35	0	2	0	0	10	0	0	0	0	0	0	0	0	0	0	0	0
GH37	0	0	0	0	0	0	0	0	0	0	0	0	0	0	0	0	0	0	0	0	0	0	0	0	0	0	0	4	0	22	128	2	0	0
GH38	0	0	0	2	7	3	5	0	0	0	2	2	15	1	1	2	48	0	2	1	1	4	4	3	0	12	8	0	4	17	3	2	0	0
GH39	0	0	0	0	0	0	0	0	0	0	50	30	209	2	42	0	370	1	23	1	0	12	0	0	0	3	2	0	1	0	0	0	0	14
GH4	9	8	9	0	0	0	0	18	14	16	5	1	7	10	3	4	46	0	7	7	8	21	21	19	9	6	11	49	4	0	0	3	13	56
GH42	0	0	0	0	0	0	0	3	3	3	0	5	0	0	0	0	4	0	0	0	0	9	10	8	4	11	23	17	9	11	64	2	7	40
GH43	4	3	3	1	3	1	2	1	1	2	1	0	7	4	0	0	3	0	3	10	0	0	0	0	0	0	0	0	0	0	0	0	0	0
GH43_10	0	0	0	0	0	0	0	0	0	0	0	0	0	0	0	0	0	0	0	0	0	0	0	0	0	0	0	0	0	0	0	2	0	0
GH43_12	0	0	0	0	0	0	0	0	0	0	7	5	0	0	5	0	0	0	1	0	0	0	0	0	0	0	0	0	0	0	0	0	0	0
GH43_18	0	0	0	0	0	0	0	0	0	0	0	0	0	0	0	0	0	0	0	0	0	0	0	0	0	0	0	4	0	0	0	0	0	0
GH43_2	0	0	0	0	0	0	0	0	0	0	0	0	0	3	2	7	0	0	2	10	9	0	0	0	0	3	3	2	1	0	0	0	0	0
GH43_23	0	0	0	0	0	0	0	0	0	0	0	0	0	0	0	0	0	0	0	0	0	7	0	0	0	0	0	0	0	0	0	0	0	0
GH43_30	0	0	0	0	0	0	0	0	0	0	0	0	0	0	0	0	0	0	0	0	0	3	0	0	0	0	0	0	0	0	0	0	0	0
GH43_33	0	0	0	0	0	0	0	0	0	0	0	0	0	0	0	0	0	0	0	0	0	0	0	0	0	0	0	0	0	0	0	0	0	0
GH43_34	0	0	0	0	0	0	0	0	0	0	0	0	0	0	0	0	0	0	0	0	0	0	0	0	0	3	2	0	1	0	0	0	0	0
GH43_5	1	2	3	0	0	0	0	0	0	0	0	0	0	0	0	0	0	0	0	0	0	0	0	0	0	1	1	1	1	0	0	0	0	7
GH43_9	0	0	0	0	0	0	0	0	0	0	0	0	0	0	0	0	1	16	13	2	4	0	0	0	0	0	0	0	0	0	0	0	0	0
GH44	0	0	0	0	0	0	0	0	0	0	0	0	1	0	0	0	6	0	0	0	0	0	0	0	0	0	0	0	0	0	0	0	0	0
GH46	0	0	0	0	0	0	0	0	0	0	0	0	0	0	0	0	0	0	0	0	0	0	10	8	4	5	11	6	4	0	0	0	0	20
GH49	0	0	0	0	0	0	0	0	0	0	0	0	0	0	0	0	0	0	0	0	0	1	0	0	0	0	0	0	0	0	0	0	0	0
GH5	0	0	0	0	0	0	0	1	1	1	10	5	27	0	6	0	83	16	15	2	4	5	19	16	8	10	17	9	8	0	0	2	7	27
GH50	6	6	8	0	0	0	0	0	0	0	0	0	0	0	0	0	0	0	0	0	0	0	10	8	4	6	12	7	5	0	0	2	7	0
GH51	0	0	0	0	0	0	0	0	0	0	0	0	0	0	0	0	4	0	0	0	0	3	10	8	4	8	13	6	5	0	0	2	7	20
GH53	0	0	0	0	0	0	0	0	0	0	0	0	0	0	0	0	1	16	13	2	4	0	0	0	0	0	0	0	0	0	0	2	0	0
GH56	2	1	2	0	0	0	0	0	0	0	0	0	0	0	0	0	0	0	0	0	0	0	0	0	0	0	0	0	0	0	0	0	0	0
GH57	0	0	0	14	12	6	3	5	10	11	27	53	62	24	14	12	123	1	19	14	4	5	11	5	10	24	13	5	6	17	3	6	14	0
GH59	0	0	0	0	0	0	0	0	0	0	0	0	0	0	0	0	0	0	0	0	0	0	0	0	0	0	0	4	0	0	0	0	0	0
GH5_13	0	0	0	0	0	0	0	0	0	0	0	0	0	0	0	0	0	0	0	0	0	5	3	1	2	1	1	1	7	0	0	0	0	0
GH5_19	0	0	0	0	0	0	0	0	0	0	2	0	44	2	2	2	41	0	2	0	0	0	0	0	0	0	0	0	0	0	0	0	0	0
GH5_21	0	0	0	0	0	2	2	0	0	0	0	0	0	0	0	0	0	0	0	0	0	0	0	0	0	0	0	0	0	0	0	0	0	0
GH5_22	0	0	0	0	0	0	0	0	0	0	0	0	0	0	0	0	0	0	0	0	0	0	0	0	0	0	0	0	0	0	0	0	0	0
GH5_25	0	0	0	0	0	0	0	0	0	0	0	0	0	0	0	0	0	0	0	0	0	0	0	0	0	5	6	2	5	0	0	0	0	7
GH5_28	0	0	0	0	0	0	0	0	0	0	0	0	0	0	0	0	0	0	0	0	0	1	0	0	0	0	0	0	0	0	0	0	0	0
GH5_34	0	0	0	0	0	0	0	0	0	0	0	0	0	0	0	0	0	0	0	0	0	1	0	0	0	0	0	0	0	0	0	0	0	0
GH5_36	0	0	0	0	0	0	0	0	0	0	0	0	0	0	0	0	4	0	0	0	0	0	0	0	0	0	0	0	0	0	0	0	0	0
GH5_46	5	4	5	0	0	0	0	5	4	4	0	0	0	0	0	0	0	0	0	0	0	0	0	0	0	3	3	0	9	0	0	0	0	0
GH5_48	0	0	0	0	0	0	0	0	0	0	1	0	12	0	0	0	6	0	2	0	0	0	0	0	0	5	11	6	4	0	0	0	0	20
GH5_5	0	0	0	0	0	0	0	1	1	1	0	0	0	0	0	0	0	0	0	0	0	6	0	0	0	0	0	0	0	0	0	2	7	0
GH5_7	3	2	3	0	0	0	0	5	4	4	0	0	0	0	0	0	0	0	0	0	0	0	0	0	0	0	0	0	0	0	0	0	0	0
GH62	0	0	0	0	0	0	0	0	0	0	0	0	0	0	0	0	4	0	0	0	0	0	10	8	4	0	0	0	0	0	0	0	0	0
GH63	9	8	8	0	0	0	0	7	5	6	0	0	0	0	0	0	0	0	0	0	0	15	2	3	1	0	0	4	0	11	64	0	0	0
GH65	0	0	0	0	0	0	0	0	0	0	2	5	18	0	1	0	41	0	3	0	0	0	0	0	0	0	0	0	0	0	0	2	0	0
GH66	0	0	0	0	0	0	0	0	0	0	0	0	1	0	0	0	6	0	0	0	0	0	0	0	0	0	0	0	0	0	0	0	0	0
GH67	2	2	2	0	0	0	0	3	3	3	0	0	0	0	0	0	0	0	0	0	0	0	0	0	0	0	0	0	0	0	0	0	0	0
GH68	0	0	0	0	0	0	0	0	0	0	0	0	0	0	1	0	2	32	27	4	7	0	0	0	0	0	0	0	0	0	0	0	0	0
GH73	4	7	5	4	5	16	16	13	32	27	11	57	12	5	3	1	0	14	6	3	8	33	22	13	23	28	20	22	7	3	36	82	29	7
GH74	601	620	598	6	4	28	41	177	178	199	31	20	101	67	23	6	150	28	50	80	3	120	300	321	223	227	255	282	411	1123	373	2522	798	747
GH75	0	0	0	0	0	0	0	0	0	0	0	0	0	0	0	0	0	0	0	0	0	1	0	0	0	0	0	0	0	0	0	0	0	0
GH76	37	35	31	0	0	7	8	17	19	22	40	1	8	10	1	2	0	2	7	10	8	8	6	9	5	10	10	17	16	36	6	6	42	50
GH77	3	4	4	3	16	1	1	4	8	9	13	47	33	15	3	1	43	1	10	15	0	6	14	7	17	25	15	14	8	27	6	7	27	12
GH78	4	3	3	0	0	0	0	8	6	7	7	5	1	0	5	0	10	0	1	0	0	4	3	1	2	2	2	3	10	0	0	4	11	0
GH8	0	0	0	1	1	7	7	1	1	1	0	0	0	0	0	0	1	16	13	2	4	1	0	0	0	5	11	6	4	0	0	0	0	23
GH80	0	0	0	0	0	0	0	0	0	0	2	12	0	0	0	13	0	1	0	1	11	0	0	0	0	0	0	0	0	0	0	0	0	0
GH81	0	0	0	0	0	0	0	0	0	0	0	0	0	0	0	0	0	0	0	0	0	1	0	0	0	0	0	0	0	0	0	0	0	0
GH82	0	0	0	0	0	2	2	0	0	0	0	0	0	0	0	0	0	0	0	0	0	0	0	0	0	0	0	0	0	0	0	0	0	0
GH84	0	0	0	0	0	0	0	10	8	9	0	0	5	5	1	0	0	1	4	6	0	3	3	1	2	1	1	1	7	2	18	7	4	0
GH87	0	0	0	0	0	0	0	0	0	0	0	0	0	0	0	0	0	0	0	0	0	1	0	0	0	0	0	0	0	0	0	0	0	0
GH88	0	0	0	0	0	0	0	7	6	6	3	0	0	0	0	0	4	0	0	0	1	1	10	8	4	6	12	7	5	2	18	7	7	20
GH89	0	0	0	0	0	0	0	0	0	0	0	0	0	0	0	0	0	0	0	0	0	0	10	8	4	5	11	6	4	0	0	2	7	20
GH9	0	0	0	0	0	0	0	0	0	0	0	0	0	0	0	0	0	0	0	0	0	1	4	4	1	3	5	6	3	0	0	0	0	20
GH91	0	0	0	0	0	0	0	0	0	0	0	0	0	0	0	0	0	0	0	0	0	0	0	0	0	3	3	2	1	0	0	0	0	0
GH92	0	0	0	0	0	1	0	0	0	0	0	0	0	0	0	0	4	0	0	0	0	3	18	14	19	9	9	6	2	0	0	75	22	0
GH93	0	0	0	0	0	1	2	2	2	2	0	0	2	0	0	0	17	0	0	0	0	3	0	0	0	5	5	4	4	0	0	3	3	20
GH94	0	0	0	0	0	0	0	0	0	0	0	0	0	0	0	0	4	0	0	0	0	0	0	0	0	0	0	0	0	0	0	0	0	0
GH95	0	0	0	0	0	0	0	4	4	4	0	0	0	0	0	0	4	0	0	0	0	5	29	24	12	19	36	23	20	0	0	5	20	60
GH97	0	0	0	0	0	0	0	0	0	0	0	0	0	0	0	0	0	0	0	0	0	0	0	0	0	0	0	0	0	0	0	8	9	0
GH98	0	0	0	0	0	0	0	0	0	0	0	0	0	0	0	0	0	0	0	0	0	0	0	0	0	0	0	0	0	0	0	0	0	0
GH99	1	2	3	0	0	0	0	5	4	5	1	0	0	0	0	0	13	0	0	0	0	7	15	11	7	0	0	0	0	0	0	0	0	20
A08	49	56	57	83	81	78	77	55	63	65	63	61	46	32	51	5	39	100	76	49	19	39	37	29	22	56	56	70	44	28	42	91	56	35
A22B	7	5	6	1	3	1	2	3	1	2	1	7	0	4	1	2	0	0	1	7	21	15	4	3	0	12	8	0	4	17	3	5	0	0
A24A	19	16	16	84	54	71	73	41	44	45	56	52	41	61	14	53	5	81	65	41	23	23	25	20	17	30	36	15	31	26	24	12	39	12
A24B	0	0	0	13	10	4	1	0	0	0	3	0	0	2	1	2	0	0	1	2	2	0	0	0	0	0	0	0	0	0	0	0	0	0
A24X	0	0	0	1	3	1	2	0	0	0	1	7	0	4	1	2	0	0	1	7	21	0	0	0	0	0	0	0	0	0	0	0	0	0
A28B	0	0	0	0	0	0	0	0	0	0	0	0	0	0	0	0	1	16	13	2	4	0	0	0	0	0	0	0	0	0	0	69	0	0
A31	0	0	0	87	49	28	26	2	14	9	48	163	58	69	34	83	38	24	41	57	46	10	0	0	0	0	0	4	0	0	0	66	0	0
A32	0	0	0	6	28	0	0	4	12	13	1	10	0	0	1	0	1	43	19	3	6	18	7	2	9	13	6	6	4	0	0	0	0	0
C01A	6	8	8	3	14	3	4	0	0	0	11	47	14	5	2	0	0	1	3	9	2	0	0	0	0	0	0	0	0	0	0	0	0	0
C01B	41	40	39	0	0	1	2	15	11	13	0	0	0	0	0	0	0	0	0	0	0	17	12	15	4	30	27	4	27	0	0	73	7	0
C01X	0	0	0	0	0	0	0	0	0	0	0	5	0	0	0	0	0	0	0	0	0	0	0	0	0	0	0	0	0	0	0	0	0	0
C110	2	2	2	2	16	1	2	2	6	7	13	47	10	5	3	0	0	71	43	12	4	7	0	0	0	3	5	5	4	2	18	140	0	0
C13	0	0	0	0	0	0	0	0	0	0	1	0	0	0	1	0	0	71	40	4	4	0	0	0	0	1	0	43	0	0	0	0	0	0
C14B	5	8	6	8	12	27	28	4	4	5	11	47	8	0	1	0	0	0	0	0	0	1	0	0	0	0	0	0	0	0	0	0	0	19
C25	0	0	0	0	0	1	0	0	0	0	0	0	0	0	0	0	4	0	0	0	0	2	2	3	1	0	0	0	0	0	0	66	0	0
C26	439	450	443	420	307	311	306	368	429	441	387	517	474	406	389	462	470	776	604	405	420	406	466	457	422	384	401	570	359	250	215	390	306	452
C39	0	0	0	0	0	2	1	0	0	0	8	10	1	0	7	0	0	71	40	4	4	4	0	0	0	3	1	46	2	2	18	5	0	0
C40	3	5	5	49	103	161	132	7	11	21	14	52	46	37	12	11	5	39	33	67	26	4	9	8	11	15	15	93	10	2	18	142	22	0
C44	119	125	120	127	169	129	126	99	139	139	53	165	93	141	55	157	25	296	210	115	112	143	140	104	111	156	160	169	151	166	51	127	151	150
C45	0	0	0	0	0	0	0	1	1	1	0	0	1	0	0	0	6	0	0	0	0	7	0	0	0	1	1	1	1	0	0	69	0	12
C51	0	0	0	0	0	0	0	0	0	0	1	0	0	4	0	0	0	0	2	10	0	0	0	0	0	0	0	0	0	0	0	0	0	0
C56	3	4	4	52	3	2	6	10	13	15	25	61	27	8	25	6	23	41	25	15	26	9	12	23	18	18	10	98	9	2	18	141	14	0
C59	0	0	0	0	0	2	2	0	0	0	1	0	0	0	1	0	0	62	37	3	3	0	0	0	0	1	0	43	0	0	0	0	0	0
C60A	0	0	0	0	0	0	0	0	0	0	7	5	15	0	6	0	43	0	1	0	0	2	0	0	0	0	0	0	0	2	18	5	0	0
C69	3	4	3	0	0	0	0	4	4	5	1	0	0	2	1	2	0	0	1	0	0	0	0	0	0	0	0	0	0	0	0	0	0	0
C82A	12	12	14	42	109	71	63	14	22	34	29	63	157	62	35	8	223	254	180	114	44	60	27	21	13	33	33	114	22	30	59	26	32	11
C82B	0	0	0	1	1	7	7	0	0	0	0	0	0	0	0	0	0	0	0	0	0	0	0	0	0	0	0	0	0	0	0	0	0	0
C93	0	0	0	0	0	3	2	2	6	7	1	5	0	0	0	0	0	9	3	0	1	6	6	3	3	7	5	2	1	2	18	7	7	0
C97	0	0	0	0	0	0	0	0	0	0	1	0	0	0	1	0	0	62	37	3	3	0	0	0	0	1	0	43	0	0	0	0	0	0
I01	0	0	0	0	0	0	0	0	0	0	0	0	0	0	0	0	0	0	0	0	0	0	0	0	0	0	0	0	0	0	0	0	0	0
I02	0	0	0	1	1	9	5	5	4	4	0	0	0	0	0	0	0	0	0	0	0	1	0	0	0	0	0	0	0	0	0	0	0	0
I11	0	0	0	2	3	1	1	0	0	0	0	0	0	0	0	0	0	9	3	0	1	0	0	0	0	0	0	0	0	0	0	0	0	0
I13	0	0	0	0	0	0	0	0	0	0	1	0	0	0	1	0	0	62	37	3	3	0	0	0	0	0	0	0	0	0	0	0	0	0
I39	24	21	20	1	1	8	15	16	16	18	1	0	1	0	2	0	11	87	53	6	8	15	21	14	24	18	18	25	25	71	12	351	44	57
I42	0	0	0	0	0	0	0	0	0	0	0	0	0	0	0	0	0	9	3	0	1	0	0	0	0	0	0	0	0	0	0	0	0	0
I51	16	14	15	3	14	4	5	8	14	9	13	53	16	8	14	8	33	6	7	19	15	7	3	2	7	0	0	4	0	2	18	9	3	0
I75	0	0	0	0	0	0	0	0	0	0	0	0	0	0	0	0	0	0	0	0	0	0	0	0	0	0	0	0	0	0	0	0	0	7
I78	0	0	0	0	0	0	0	0	0	0	0	0	0	0	0	0	1	25	16	2	5	0	0	0	0	0	0	0	0	0	0	0	0	0
I87	105	116	116	105	114	148	142	112	120	132	119	261	105	85	110	92	61	131	109	68	88	143	102	84	64	139	160	146	169	180	170	328	123	124
M01	49	52	53	16	66	44	39	38	54	52	21	52	21	19	10	3	2	109	81	34	20	70	73	58	72	79	66	146	54	73	94	294	101	86
M02	0	0	0	0	0	0	0	2	2	3	0	0	0	0	0	0	1	16	13	2	4	4	7	10	3	0	1	2	3	0	0	0	0	0
M03A	11	13	14	12	40	34	29	12	28	27	14	47	28	21	9	3	2	172	118	34	25	42	21	19	6	32	39	98	43	62	30	86	18	20
M03B	17	18	18	3	15	5	7	25	22	24	16	15	31	6	12	1	79	0	7	9	2	20	26	20	20	40	36	19	21	17	3	11	19	25
M03X	0	0	0	0	0	0	0	0	0	0	0	0	0	0	0	0	0	9	3	0	1	0	0	0	0	0	0	0	0	0	0	0	0	0
M04	0	0	0	0	0	0	0	0	0	0	0	0	1	0	0	0	6	0	0	0	0	0	0	0	0	2	3	5	1	0	0	0	0	0
M06	0	0	0	0	0	0	0	0	0	0	0	0	0	0	0	0	0	0	0	0	0	2	6	3	3	19	10	7	3	0	0	1	14	0
M09B	0	0	0	0	0	0	0	0	0	0	0	0	0	0	0	0	4	0	0	0	0	1	0	0	0	4	4	1	2	0	0	0	0	0
M10A	0	0	0	0	0	0	0	2	6	7	1	0	1	0	2	0	0	124	75	7	6	1	0	0	0	1	1	44	3	0	0	0	0	0
M10B	0	0	0	6	28	0	0	0	0	0	0	0	0	0	1	0	2	32	27	4	7	0	0	0	0	1	0	43	0	0	0	0	0	0
M10X	0	0	0	0	0	0	0	0	0	0	0	0	0	0	0	0	0	0	0	0	0	0	0	0	0	0	0	0	0	0	0	0	0	29
M12A	0	0	0	0	0	0	0	0	0	0	0	0	0	0	0	0	0	0	0	0	0	1	0	0	0	0	0	0	0	0	0	0	0	0
M12B	0	0	0	1	11	7	1	0	0	0	1	5	5	5	1	0	0	1	4	6	0	0	7	4	11	0	0	0	0	0	0	6	22	0
M13	0	0	0	0	0	1	0	0	0	0	0	0	0	0	0	0	1	16	13	2	4	6	3	1	2	1	0	47	0	0	0	135	0	0
M14A	11	10	11	19	28	51	53	4	4	9	1	0	28	5	3	1	10	17	17	12	7	5	4	3	0	4	6	7	13	63	12	137	11	20
M14B	23	21	21	0	0	0	0	7	5	5	1	0	2	0	4	1	1	9	3	1	2	21	0	0	0	13	11	5	13	29	23	77	1	0
M14C	0	0	0	0	0	0	0	0	0	0	0	0	0	0	0	0	0	0	0	0	0	2	0	0	0	0	0	0	0	0	0	0	0	0
M15B	0	0	0	1	2	5	5	2	1	1	0	0	0	0	0	0	0	0	0	0	0	10	4	2	10	6	6	5	1	0	0	70	22	7
M15C	0	0	0	9	13	29	29	0	0	4	1	0	3	1	4	0	0	128	75	8	8	0	0	0	0	3	2	0	1	0	0	0	0	0
M15D	6	5	6	15	22	54	57	8	6	11	0	5	0	0	0	0	0	9	3	0	1	11	0	0	0	3	3	3	7	0	0	66	0	16
M16A	0	0	0	0	0	1	2	0	0	0	0	0	0	0	0	0	0	0	0	0	0	4	7	5	8	1	2	5	2	0	0	1	13	12
M16B	14	23	19	82	102	64	64	27	45	45	24	57	34	31	32	6	14	89	72	57	30	20	13	5	12	33	20	20	24	0	0	9	30	35
M16C	0	0	0	3	19	3	2	0	0	0	4	0	4	5	6	1	0	62	41	12	4	10	0	0	0	15	21	56	16	2	18	7	7	20
M17	40	40	42	80	97	51	52	35	50	49	41	109	63	45	71	13	11	111	96	68	39	66	38	48	32	61	56	34	48	43	27	28	64	63
M18	6	7	7	4	17	13	8	5	17	12	1	0	2	6	2	0	0	9	7	8	1	46	20	18	4	25	34	4	24	2	18	7	7	4
M19	20	20	20	9	42	10	6	27	24	32	12	47	30	3	3	2	20	34	20	3	6	19	3	1	2	21	26	63	42	60	12	13	31	23
M20A	107	126	123	93	140	49	53	80	92	104	105	147	127	72	40	86	208	149	119	56	85	109	123	103	72	102	133	96	145	163	73	40	86	75
M20B	0	0	0	0	0	2	2	0	0	0	0	0	0	0	0	0	4	0	0	0	0	1	0	0	0	8	7	3	4	0	0	66	0	0
M20C	8	6	6	19	27	64	67	2	1	2	0	0	6	7	1	1	0	1	5	12	2	1	0	0	0	1	0	43	0	0	0	70	22	0
M20D	46	40	42	6	34	6	4	47	39	43	25	10	70	29	54	4	96	18	35	33	4	60	48	56	42	47	53	69	66	107	19	99	79	32
M20F	15	14	12	0	0	2	2	4	3	3	7	5	14	0	6	0	42	16	14	2	4	9	26	23	23	31	32	30	38	36	6	76	49	41
M20X	27	30	32	0	0	0	0	27	23	29	0	5	0	0	0	0	1	16	13	2	4	26	44	47	2	16	27	2	23	49	12	8	6	16
M23A	0	0	0	0	0	0	0	0	0	0	7	5	28	0	6	0	74	0	1	0	0	0	0	0	0	0	0	0	0	0	0	0	0	0
M23B	58	64	56	185	159	247	243	73	130	121	93	114	247	95	72	15	295	290	218	142	77	98	99	100	118	100	97	156	89	49	44	444	150	101
M24A	65	67	64	71	43	29	34	60	72	74	27	86	87	62	32	85	123	190	136	67	95	84	69	54	72	84	86	129	82	79	33	93	45	93
M24B	101	100	93	84	83	64	65	100	99	107	79	90	93	70	84	82	112	112	95	70	83	85	79	75	53	75	73	128	70	91	54	99	75	73
M28A	0	0	0	0	0	0	0	0	0	0	0	0	0	0	0	0	1	16	13	2	4	0	0	0	0	0	0	0	0	2	18	5	0	0
M28B	5	6	6	0	0	0	0	4	4	4	0	0	0	0	0	0	0	0	0	0	0	2	4	3	7	2	2	6	14	36	6	4	11	16
M28D	25	24	24	0	0	2	0	19	17	20	0	0	0	0	1	0	2	32	27	4	7	7	15	15	20	11	12	21	47	71	12	75	44	32
M28E	0	0	0	0	0	0	0	0	0	0	0	0	0	0	0	0	0	0	0	0	0	0	0	0	0	0	0	0	0	0	0	133	0	0
M28F	26	25	27	0	0	8	8	11	9	10	1	0	0	0	1	0	10	32	27	4	7	28	21	29	13	37	32	27	47	98	18	150	33	16
M28X	0	0	0	52	3	0	4	0	0	0	41	4	1	0	1	1	9	3	1	2	6	0	0	0	0	5	5	4	4	0	0	70	9	5
M29	13	10	8	0	0	0	0	4	3	3	7	6	25	0	7	0	39	1	3	0	1	4	13	10	6	5	11	6	4	0	0	3	13	32
M30	7	5	6	0	0	0	0	7	5	5	1	0	38	0	1	0	76	0	2	0	0	11	4	3	0	12	8	0	4	27	6	5	0	0
M32	13	15	14	0	0	0	0	11	10	12	17	6	35	6	13	5	46	0	4	1	1	6	11	8	9	16	26	22	12	10	2	4	10	20
M36	0	0	0	0	0	0	0	0	0	0	0	0	0	0	0	0	0	0	0	0	0	0	0	0	0	0	0	0	0	0	0	133	0	0
M38	49	51	55	108	163	108	110	58	101	107	73	29	94	82	34	79	100	125	97	73	34	98	72	59	46	87	83	187	66	78	83	46	100	118
M41	65	68	68	29	94	57	57	78	85	88	47	117	139	37	110	6	90	93	80	61	34	62	82	80	88	75	76	99	84	47	70	93	116	75
M42	7	7	7	11	14	15	14	11	14	16	13	22	103	39	15	71	188	11	16	6	20	17	19	27	12	22	25	19	15	0	0	72	29	20
M43B	2	2	2	0	0	3	1	0	0	0	0	0	0	0	0	0	0	0	0	0	0	3	20	29	9	5	6	2	2	0	0	0	0	0
M48A	6	7	8	28	64	77	78	13	34	38	20	53	38	29	12	7	8	3	21	38	9	36	29	23	19	21	13	13	7	11	64	73	28	0
M48B	7	6	7	72	56	20	16	11	19	18	63	70	20	38	13	50	1	79	59	37	60	28	17	17	8	14	8	56	6	5	53	16	9	5
M48C	1	3	2	68	85	26	26	18	31	32	34	102	39	36	18	5	2	164	109	66	16	54	21	16	9	40	25	154	19	3	36	153	21	0
M48X	0	0	0	0	0	0	0	0	0	0	0	0	0	0	0	0	1	16	13	2	4	0	0	0	0	0	0	0	0	0	0	0	0	0
M49	7	8	8	1	0	14	17	2	2	3	0	0	0	0	0	0	0	0	0	0	0	3	9	8	11	9	10	7	4	0	0	70	22	0
M50A	0	0	0	0	0	0	0	0	0	0	2	0	0	1	8	1	0	0	0	0	1	0	0	0	0	0	0	0	0	0	0	0	0	0
M50B	16	20	21	169	104	104	113	18	47	42	48	170	73	123	21	159	88	109	99	57	72	49	41	28	34	51	47	70	50	98	36	94	80	79
M50X	0	0	0	1	0	0	1	0	0	0	0	0	0	0	0	0	5	9	3	0	1	1	3	2	7	3	2	0	1	0	0	0	0	0
M54	0	0	0	53	7	1	7	0	0	0	4	7	6	8	3	10	7	1	4	17	30	0	0	16	4	0	0	0	0	0	0	0	0	0
M55	4	3	3	0	0	0	0	2	1	2	3	1	1	4	9	5	6	0	1	1	1	2	0	0	0	2	3	8	23	36	6	4	11	16
M56	0	0	0	0	0	0	0	0	0	0	0	0	0	0	0	0	0	0	0	0	0	0	0	0	0	0	0	0	0	0	0	69	0	0
M57	0	0	0	0	0	0	0	0	0	0	0	0	0	0	0	0	0	0	0	0	0	0	0	0	0	0	0	0	0	0	0	66	0	0
M60	0	0	0	0	0	0	0	0	0	0	0	0	0	0	0	0	0	0	0	0	0	0	0	0	0	0	0	0	0	0	0	0	0	0
M61	0	0	0	0	0	2	0	0	0	0	2	0	3	0	6	1	1	78	51	6	7	3	7	2	9	13	5	47	2	0	0	3	14	0
M64	1	2	3	0	0	0	0	2	2	3	0	0	0	0	0	0	0	0	0	0	0	0	0	0	0	0	0	0	0	0	0	0	0	0
M66	4	3	3	0	0	0	0	0	0	0	1	0	0	0	1	0	0	62	37	3	3	0	0	0	0	0	0	0	0	0	0	0	0	0
M67A	2	2	3	0	0	0	0	3	2	3	42	1	1	0	0	1	4	1	0	1	2	11	10	8	4	5	11	6	4	0	0	2	7	20
M67B	8	10	11	54	12	4	9	10	7	8	7	11	7	12	3	8	9	2	5	10	33	8	13	6	20	13	10	7	2	0	0	1	22	29
M67C	0	0	0	0	0	0	0	0	0	0	2	0	0	0	0	0	0	0	0	0	1	1	0	0	0	0	0	0	0	0	0	0	0	0
M72	0	0	0	0	0	0	0	0	0	0	0	0	0	0	0	0	0	0	0	0	0	0	0	0	0	1	0	43	0	0	0	0	0	0
M75	0	0	0	0	0	0	0	1	1	5	11	52	19	9	4	1	0	15	8	12	5	0	0	0	0	3	2	1	4	2	18	5	0	0
M78	0	0	0	0	0	2	2	0	0	0	1	0	0	0	1	0	0	71	40	4	4	0	0	0	0	0	0	0	0	2	18	5	0	0
M79	8	10	11	1	7	4	3	8	8	9	1	0	21	3	2	2	14	9	5	2	8	22	24	16	25	22	13	7	7	2	18	210	43	0
M81	16	17	18	0	0	0	0	17	15	18	0	5	0	0	0	0	0	0	0	0	0	17	29	31	2	16	20	9	19	74	19	7	7	16
M82	15	11	10	0	0	0	0	25	17	18	7	1	11	7	39	3	3	0	3	2	0	15	7	5	7	16	12	6	7	17	3	1	13	12
M90	0	0	0	1	1	1	2	7	10	11	15	47	20	8	4	1	10	14	9	14	1	3	0	0	0	2	3	6	8	2	18	75	9	5
M97	5	6	6	0	0	0	0	2	2	3	0	0	0	0	0	0	0	0	0	0	0	2	0	0	0	0	1	1	5	0	0	69	0	0
M98	0	0	0	0	0	0	0	0	0	0	0	0	0	0	0	0	0	0	0	0	0	0	10	8	4	0	0	0	0	0	0	0	0	0
N06	15	14	11	114	40	25	37	34	44	40	115	117	38	30	68	14	7	53	40	53	50	16	33	16	33	44	26	25	10	3	36	16	55	34
N09	0	0	0	15	21	46	48	0	0	4	0	0	0	0	0	0	0	0	0	0	0	0	0	0	0	0	0	0	0	0	0	0	0	0
N10	0	0	0	10	14	5	6	0	0	0	3	8	7	34	2	51	9	0	5	9	26	7	0	16	4	0	0	0	0	0	0	0	0	0
N11	0	0	0	0	0	0	0	0	0	0	4	10	1	1	8	2	0	2	0	1	3	0	0	0	0	0	0	0	0	0	0	0	0	0
P01	33	36	34	0	0	0	0	10	8	11	3	1	28	4	2	3	56	9	6	1	1	3	1	6	0	5	7	10	35	0	0	1	9	5
S01A	0	0	0	0	0	0	0	0	0	0	1	0	2	0	4	1	0	0	1	1	1	3	0	0	0	3	2	0	1	2	18	5	0	0
S01B	14	16	10	1	7	6	3	9	16	11	0	5	0	0	0	0	0	9	3	0	1	17	14	16	13	8	5	1	2	0	0	0	0	0
S01C	42	53	52	69	55	48	44	47	55	67	69	211	152	55	74	14	132	183	145	86	52	92	114	83	107	118	116	165	121	98	36	102	136	128
S01D	0	0	0	0	0	1	0	0	0	0	0	0	0	0	0	0	0	0	0	0	0	3	12	5	22	12	8	5	2	0	0	68	22	0
S01E	0	0	0	0	0	0	0	0	0	0	1	5	6	0	0	0	3	0	1	0	0	0	0	0	0	0	0	0	0	0	0	0	0	0
S08A	30	25	28	54	8	9	16	24	18	19	34	67	33	8	21	1	36	78	59	12	15	41	27	23	22	35	26	93	12	42	61	230	1	40
S08B	5	4	4	0	0	0	0	3	1	2	11	47	8	0	1	0	0	0	0	0	0	6	0	0	0	12	8	0	4	27	6	0	0	0
S09A	46	43	44	0	0	3	4	26	23	25	16	11	1	4	13	4	3	73	58	8	17	24	51	42	63	48	48	43	93	145	42	298	91	90
S09B	18	18	19	1	0	10	10	10	9	10	20	52	17	10	10	1	12	119	86	16	15	36	33	34	27	27	33	80	64	145	42	90	65	92
S09C	120	131	125	11	14	49	46	77	76	81	19	11	37	12	19	6	89	262	150	24	27	54	70	60	36	50	57	143	111	73	30	97	77	120
S09D	11	10	12	0	0	0	0	9	7	9	0	0	0	0	0	0	0	0	0	0	0	16	6	10	6	4	3	8	11	36	6	70	11	16
S09X	141	154	144	62	42	20	22	153	162	173	75	127	40	7	18	3	93	332	200	36	43	144	128	114	61	174	212	241	172	102	94	418	159	166
S10	5	4	4	0	0	0	0	0	0	0	7	5	0	0	6	0	1	16	14	2	4	1	2	2	4	1	1	5	9	36	6	4	11	23
S11	6	12	8	5	34	4	4	40	46	50	22	62	24	19	50	2	2	225	143	42	16	36	18	8	23	34	22	149	24	67	83	34	56	35
S12	85	87	91	7	28	7	7	80	70	80	3	10	6	8	5	4	11	264	152	21	22	101	98	96	31	55	75	176	85	123	42	173	49	71
S13	15	12	11	15	42	45	37	9	11	17	16	47	28	20	42	2	0	17	16	26	4	6	5	4	4	7	7	10	13	2	18	6	13	12
S14	76	75	75	84	82	89	88	105	100	106	72	66	89	41	71	16	96	98	85	71	44	87	65	80	54	94	94	113	92	75	112	160	77	83
S15	15	12	14	0	0	0	0	15	11	13	0	0	0	0	0	0	1	16	13	2	4	13	24	29	8	21	17	4	14	52	12	79	13	0
S16	123	120	112	174	187	133	134	68	93	99	140	203	218	144	167	138	257	278	217	145	139	148	124	117	95	129	139	209	125	165	166	190	148	131
S24	76	90	89	15	52	28	31	49	60	66	28	62	53	24	27	4	78	324	214	59	31	73	75	50	82	80	74	219	77	26	24	93	92	31
S26A	48	48	48	76	89	56	64	25	42	38	20	57	85	41	15	5	91	110	96	59	23	60	40	30	25	41	34	73	43	37	24	91	48	44
S26B	0	0	0	9	10	4	3	0	0	0	6	8	0	17	10	32	0	1	3	9	24	0	0	0	0	0	0	0	0	0	0	0	0	29
S26C	0	0	0	0	0	0	0	0	0	0	0	0	0	0	0	0	0	9	3	0	1	0	0	0	0	0	0	0	0	0	0	0	0	0
S33	231	259	251	172	192	155	160	187	200	220	120	197	132	50	116	12	123	1215	695	133	130	223	190	184	100	188	209	697	200	273	377	417	160	182
S41A	38	44	41	72	73	52	53	44	53	54	64	61	48	43	53	7	2	168	121	58	31	64	89	74	75	85	96	138	79	54	66	304	63	39
S41B	17	13	11	0	0	1	0	1	1	1	0	0	0	0	0	0	0	0	0	0	0	1	13	10	11	6	13	11	6	0	0	0	0	32
S45	12	14	12	0	0	1	3	16	14	16	1	0	24	0	1	0	70	19	8	1	2	23	18	19	10	8	15	8	6	73	30	9	11	36
S46	5	5	6	1	0	10	11	0	0	0	0	0	0	0	0	0	0	0	0	0	0	2	4	2	10	13	12	10	7	0	0	2	43	0
S49A	0	0	0	2	14	1	2	0	0	0	2	0	1	4	0	0	0	0	3	8	0	0	0	0	0	0	0	0	0	0	0	0	0	0
S49B	3	5	4	140	43	41	47	19	32	29	12	19	25	80	31	129	25	89	64	50	74	29	47	49	52	44	52	79	31	2	18	14	29	52
S49C	26	29	26	4	10	3	6	13	12	14	47	18	32	7	11	7	72	3	5	8	26	7	13	10	12	7	5	14	16	37	24	10	20	16
S49X	0	0	0	0	0	0	0	0	0	0	1	5	4	5	0	0	0	4	3	4	0	0	0	0	0	13	6	7	4	0	0	1	9	5
S51	22	17	16	0	0	1	2	12	14	15	0	0	1	4	2	0	0	0	4	5	0	7	14	12	22	24	37	33	42	36	6	141	46	52
S54	41	50	51	77	64	77	79	46	43	56	69	74	93	38	38	12	151	211	144	71	60	31	94	91	75	77	79	172	53	54	66	306	79	32
S55	0	0	0	0	0	0	0	4	4	4	1	0	9	0	0	0	9	0	0	0	0	0	0	0	0	0	1	2	3	0	0	0	0	0
S66	3	2	3	2	14	1	3	5	4	4	2	0	1	4	1	1	1	25	19	10	5	4	5	7	2	6	5	6	2	0	0	69	0	0
S77	0	0	0	0	0	0	0	0	0	0	0	0	0	0	0	0	0	0	0	0	0	2	0	0	0	0	0	0	0	0	0	2	7	0
S78	0	0	0	0	0	0	0	0	0	0	0	0	0	0	0	0	0	0	0	0	0	0	0	0	0	1	0	43	0	0	0	0	0	0
T01A	13	10	11	13	21	17	21	8	6	11	24	77	3	51	24	118	0	9	12	18	86	30	29	23	22	27	36	20	17	27	6	11	32	37
T01B	33	36	35	27	72	54	54	41	36	40	64	61	46	34	62	8	15	34	38	50	26	34	16	23	23	33	33	28	39	37	24	15	34	52
T01X	0	0	0	13	10	4	1	2	1	2	4	6	1	30	11	55	1	78	55	9	21	17	4	3	0	13	10	45	7	18	21	10	0	0
T02	47	41	42	0	0	0	0	47	35	38	16	26	11	6	45	19	3	2	4	4	15	18	42	42	38	30	37	40	77	96	19	216	73	64
T03	225	250	238	3	16	8	10	150	138	163	27	109	27	18	7	2	6	87	64	26	8	85	117	135	32	107	154	53	126	161	55	105	61	79
T05	40	46	45	92	93	76	78	37	51	53	26	67	47	62	29	61	20	95	78	72	64	46	68	48	78	50	57	68	40	26	24	14	22	39
U32	41	35	37	76	69	38	40	43	51	55	45	125	109	60	35	22	77	121	99	80	38	53	67	80	76	63	64	84	42	63	12	14	32	56
U56	0	0	0	52	3	0	4	0	0	0	39	1	0	0	0	1	0	1	0	1	1	0	0	0	0	0	0	0	0	0	0	0	0	0
U62	117	128	125	127	60	11	20	124	122	135	55	176	66	112	120	138	16	96	89	89	126	72	85	79	64	91	98	55	87	60	15	22	118	53
U69	0	0	0	0	0	0	0	7	9	11	1	0	0	0	1	0	0	71	40	4	4	0	3	2	7	1	0	43	0	0	0	0	0	0
U72	5	5	6	0	0	0	0	6	4	6	0	0	0	0	0	0	0	0	0	0	0	36	44	37	20	29	51	40	24	0	0	10	54	95
U73	0	0	0	1	4	1	1	2	6	7	11	47	9	0	3	0	0	75	40	4	4	2	0	0	0	1	0	43	0	2	18	5	0	0