Head	CymS.D.B	CymS.D.HRP.1	CymS.D.LRP.1
TIGR01054	0	0	0
TIGR02717	9	20	21
TIGR00016	7	19	21
TIGR00651	116	85	97
TIGR02188	185	208	224
PF09242	0	0	0
sulfide_quinone_oxidoreductase_sqr	4	18	48
PF08679	0	0	0
TIGR02064	4	21	16
TIGR02066	4	21	16
PF07682	0	0	0
sulfur_dioxygenase_sdo	248	241	270
TIGR04486	16	32	41
TIGR04488	18	20	44
TIGR04555	52	83	91
TIGR02910	0	0	0
TIGR02911	0	0	0
TIGR02912	0	0	0
TIGR02061	90	97	111
TIGR00339	134	137	156
TIGR00455	84	88	106
TIGR02034	13	22	27
thiosulfate_reductase_phsA	0	0	11
fefe-group-a13	0	0	0
fefe-group-a2	0	0	0
fefe-group-a4	0	0	0
fefe-group-b	0	0	0
fefe-group-c1	0	0	0
fefe-group-c2	0	0	0
fefe-group-c3	0	0	0
fe	0	0	0
nife-group-1	8	55	34
nife-group-2ade	0	0	0
nife-group-2bc	4	16	18
nife-group-3abd	0	0	0
nife-group-3c	0	0	0
nife-group-4a-g	0	0	0
nife-group-4hi	0	0	0
TIGR03080	0	0	0
TIGR03079	0	0	0
TIGR03078	0	0	0
PF02406	19	30	35
TIGR04550	0	0	0
TIGR03256	0	0	0
TIGR03257	0	0	0
TIGR03259	0	0	0
TIGR01861	0	0	0
TIGR02931	0	0	0
TIGR02929	0	0	0
TIGR01282	0	0	0
TIGR01286	0	0	0
TIGR01860	0	0	0
TIGR02932	0	0	0
TIGR02930	0	0	0
TIGR01287	0	0	0
nitrite_oxidoreductase_nxrA	0	0	0
nitrite_oxidoreductase_nxrB	0	0	0
TIGR01706	0	0	0
PF03892	3	17	11
TIGR01580	3	3	3
TIGR01660	3	3	3
TIGR03153	0	0	0
PF02335	11	12	13
TIGR03152	0	0	0
TIGR03148	0	0	0
TIGR02374	8	36	34
TIGR02378	18	44	43
TIGR02376	0	0	0
nitrite_reductase_nirS	0	0	0
nitric_oxide_reductase_norB	4	16	18
nitric_oxide_reductase_norC	18	13	16
PF05048	0	0	0
TIGR04247	0	0	0
TIGR04246	0	0	0
hydrazine_oxidase_hzoA	0	0	0
hydrazine_synthase_hzsA	0	0	0
TIGR04315	0	0	0
TIGR02891	156	175	183
TIGR02866	164	182	183
TIGR00780	20	94	79
TIGR00781	11	63	43
TIGR00782	65	119	112
TIGR01433	4	16	18
TIGR02847	4	16	18
TIGR01473	235	250	264
PF01654	11	20	34
TIGR00203	4	16	29
TIGR01432	0	0	0
TIGR02882	0	0	0
methanol_dehydrogenase_pqq_xoxF_mxaF	157	194	228
TIGR04266	0	0	0
TIGR02659	8	19	22
TIGR02658	4	4	4
TIGR02819	0	0	0
TIGR02821	12	10	11
TIGR02818	34	34	38
TIGR03451	37	35	44
TIGR03126	13	47	53
TIGR03119	4	16	18
TIGR03120	4	16	18
TIGR01591	92	104	121
TIGR01582	18	16	20
TIGR01583	34	32	40
carbon_monoxide_dehydrogenase_coxS	658	572	684
carbon_monoxide_dehydrogenase_coxM	590	506	589
TIGR02416	754	676	826
rubisco_form_I	3	17	11
rubisco_form_II	0	0	0
rubisco_form_II_III	0	0	0
rubisco_form_III	0	0	0
rubisco_form_IV	0	0	0
TIGR00381	0	0	0
TIGR00316	0	0	0
TIGR01702	0	0	0
acetate_citrate_lyase_aclA	0	0	0
acetate_citrate_lyase_aclB	0	0	0
TIGR01792	62	100	112
TIGR00192	74	110	124
TIGR00193	74	110	124
TIGR01428	555	512	591
TIGR02486	95	100	121
TIGR03479	20	17	20
TIGR03478	10	9	10
PF06778	119	99	120
TIGR02694	0	0	0
TIGR02693	0	0	0
TIGR00014	74	109	119
TIGR02691	21	28	32
TIGR02689	0	0	0
TIGR03312	0	0	0
TIGR03313	6	4	6
TIGR03315	43	31	33
TIGR01323	152	140	165
TIGR03888	49	55	61
TIGR03507	0	0	0
TIGR03509	0	0	0
MtrB_TIGR03509	0	0	0
Cyc1	65	107	105
Cyc2_repCluster1	0	0	0
Cyc2_repCluster2	0	0	0
Cyc2_repCluster3	0	0	0
FoxA	0	0	0
FoxB	0	0	0
FoxC	0	0	0
FoxE	0	0	0
FoxY	18	20	23
FoxZ	102	80	87
MtoA	0	0	0
Sulfocyanin	0	0	0
Manganese_oxidase_K06324	0	0	0
Manganese_oxidase_K22348	13	15	19
Manganese_oxidase_K22349	10	8	13
Manganese_oxidase_K22350	0	0	0
assA	0	0	0
masD	0	0	0
lactate_dehydrogenase	65	75	90
phosphate_acetyltransferase	42	49	53
acetate_kinase	9	31	35
acetyl-CoA_synthetase	231	260	286
aldehyde_dehydrogenase	1482	1724	1895
alcohol_dehydrogenase	1446	1650	1844
KEGG.B01	19	19	23
KEGG.B02	0	0	0
KEGG.B03	0	0	0
KEGG.B04	0	0	0
KEGG.B05	0	0	0
KEGG.B06	3	3	3
KEGG.B07	65	61	72
KEGG.B08	64	50	64
KEGG.B09	0	0	0
KEGG.B10	0	0	0
KEGG.B11	0	0	0
KEGG.B12	0	0	0
KEGG.B13	0	0	0
KEGG.B14	79	72	87
KEGG.B15	0	0	0
KEGG.B16	0	0	0
KEGG.B17	88	76	96
KEGG.B18	0	0	0
KEGG.B19	0	0	0
KEGG.B20	415	426	442
KEGG.B21	0	0	0
KEGG.B22	314	330	365
KEGG.B23	42	38	44
KEGG.C01	365	310	350
KEGG.C02	16	39	44
KEGG.C03	0	0	0
GH1	12	11	11
GH10	0	0	0
GH100	43	31	33
GH102	20	43	32
GH103	82	144	143
GH104	0	0	0
GH105	74	64	72
GH106	0	0	0
GH108	0	0	0
GH109	2095	1877	2128
GH110	0	0	0
GH113	13	17	17
GH114	26	18	24
GH116	6	4	5
GH117	21	18	20
GH12	19	16	17
GH120	0	0	0
GH122	0	0	0
GH123	3	3	3
GH125	3	2	2
GH127	5	4	5
GH128	0	0	0
GH129	0	0	0
GH13	20	16	19
GH130	17	17	20
GH133	10	8	9
GH134	0	0	0
GH135	0	0	0
GH136	4	4	5
GH137	5	6	6
GH139	3	3	3
GH13_10	0	0	0
GH13_11	61	47	54
GH13_13	0	0	0
GH13_16	0	0	0
GH13_18	4	16	18
GH13_19	0	0	0
GH13_20	4	4	3
GH13_23	38	27	28
GH13_24	0	0	0
GH13_26	0	0	0
GH13_3	0	0	0
GH13_31	0	0	0
GH13_36	0	0	0
GH13_4	4	16	18
GH13_6	0	0	0
GH13_7	0	0	0
GH13_9	107	93	100
GH14	0	0	0
GH140	13	12	12
GH141	3	3	3
GH142	6	5	6
GH144	0	0	0
GH145	5	6	6
GH146	3	4	3
GH148	0	0	0
GH149	0	0	0
GH15	46	35	45
GH151	26	18	22
GH153	0	0	0
GH16	33	28	32
GH17	2	3	4
GH18	28	20	24
GH19	0	0	0
GH2	47	39	47
GH20	18	14	16
GH23	477	594	620
GH24	0	0	0
GH25	0	0	0
GH26	0	0	0
GH28	44	37	40
GH29	19	15	18
GH3	161	176	203
GH30	0	0	0
GH31	0	0	0
GH32	35	34	36
GH33	233	192	206
GH36	0	0	0
GH37	0	0	0
GH38	0	0	0
GH39	0	0	0
GH4	52	43	49
GH42	8	8	8
GH43	10	8	10
GH43_10	0	0	0
GH43_12	0	0	0
GH43_18	0	0	0
GH43_2	0	0	0
GH43_23	0	0	0
GH43_30	0	0	0
GH43_33	0	0	0
GH43_34	0	0	0
GH43_5	3	4	3
GH43_9	0	0	0
GH44	0	0	0
GH46	0	0	0
GH49	0	0	0
GH5	3	3	3
GH50	9	8	9
GH51	0	0	0
GH53	0	0	0
GH56	0	0	0
GH57	12	26	29
GH59	0	0	0
GH5_13	0	0	0
GH5_19	0	0	0
GH5_21	0	0	0
GH5_22	0	0	0
GH5_25	0	0	0
GH5_28	0	0	0
GH5_34	0	0	0
GH5_36	0	0	0
GH5_46	19	14	16
GH5_48	0	0	0
GH5_5	3	3	3
GH5_7	16	12	14
GH62	0	0	0
GH63	38	28	33
GH65	0	0	0
GH66	0	0	0
GH67	12	10	11
GH68	0	0	0
GH73	34	87	75
GH74	1425	1215	1482
GH75	0	0	0
GH76	126	114	129
GH77	14	25	30
GH78	27	21	24
GH8	3	3	3
GH80	0	0	0
GH81	0	0	0
GH82	0	0	0
GH84	26	22	23
GH87	0	0	0
GH88	19	17	17
GH89	0	0	0
GH9	0	0	0
GH91	0	0	0
GH92	0	0	0
GH93	5	4	5
GH94	0	0	0
GH95	11	9	10
GH97	0	0	0
GH98	0	0	0
GH99	14	14	16
A08	231	262	277
A22B	10	5	8
A24A	134	143	147
A24B	0	0	0
A24X	0	0	0
A28B	0	0	0
A31	5	38	23
A32	9	31	35
C01A	7	6	9
C01B	94	71	87
C01X	0	0	0
C110	10	20	23
C13	0	0	0
C14B	18	17	21
C25	0	0	0
C26	1646	1771	1902
C39	0	0	0
C40	18	29	57
C44	432	514	537
C45	3	2	2
C51	0	0	0
C56	31	41	45
C59	0	0	0
C60A	0	0	0
C69	12	12	14
C82A	60	85	118
C82B	0	0	0
C93	4	16	18
C97	0	0	0
I01	0	0	0
I02	9	7	8
I11	0	0	0
I13	0	0	0
I39	81	75	88
I42	0	0	0
I51	53	69	59
I75	0	0	0
I78	0	0	0
I87	494	542	594
M01	172	207	213
M02	4	4	6
M03A	49	97	95
M03B	74	67	75
M03X	0	0	0
M04	0	0	0
M06	0	0	0
M09B	0	0	0
M10A	4	16	18
M10B	0	0	0
M10X	0	0	0
M12A	0	0	0
M12B	0	0	0
M13	0	0	0
M14A	28	24	40
M14B	49	35	41
M14C	0	0	0
M15B	4	4	4
M15C	0	0	11
M15D	25	20	34
M16A	0	0	0
M16B	89	137	142
M16C	0	0	0
M17	173	204	210
M18	28	63	51
M19	95	87	111
M20A	387	434	494
M20B	0	0	0
M20C	15	11	13
M20D	202	177	197
M20F	35	26	33
M20X	112	109	128
M23A	0	0	0
M23B	297	441	428
M24A	275	292	313
M24B	382	363	400
M28A	0	0	0
M28B	18	16	19
M28D	84	69	86
M28E	0	0	0
M28F	61	49	59
M28X	0	0	0
M29	51	37	40
M30	21	15	15
M32	43	37	45
M36	0	0	0
M38	226	342	368
M41	315	329	350
M42	39	45	51
M43B	2	1	2
M48A	51	107	117
M48B	38	60	59
M48C	43	79	83
M48X	0	0	0
M49	17	16	20
M50A	0	0	0
M50B	74	155	143
M50X	0	0	0
M54	0	0	0
M55	11	8	10
M56	0	0	0
M57	0	0	0
M60	0	0	0
M61	0	0	0
M64	8	8	10
M66	6	4	6
M67A	9	7	9
M67B	31	22	28
M67C	0	0	0
M72	0	0	0
M75	2	3	14
M78	0	0	0
M79	27	28	32
M81	72	72	81
M82	86	62	65
M90	18	27	29
M97	14	12	16
M98	0	0	0
N06	110	132	125
N09	0	0	11
N10	0	0	0
N11	0	0	0
P01	69	57	74
S01A	0	0	0
S01B	30	48	37
S01C	199	228	274
S01D	0	0	0
S01E	0	0	0
S08A	92	75	83
S08B	8	4	6
S09A	143	121	142
S09B	54	44	53
S09C	388	370	418
S09D	36	28	36
S09X	585	599	658
S10	10	9	10
S11	83	111	120
S12	337	302	354
S13	63	57	75
S14	356	341	371
S15	49	42	50
S16	412	447	483
S24	254	303	336
S26A	181	218	219
S26B	0	0	0
S26C	0	0	0
S33	850	890	988
S41A	197	220	228
S41B	52	38	42
S45	54	46	54
S46	9	9	9
S49A	0	0	0
S49B	54	89	81
S49C	66	60	72
S49X	0	0	0
S51	85	73	81
S54	167	167	210
S55	8	8	10
S66	16	12	14
S77	0	0	0
S78	0	0	0
T01A	31	23	39
T01B	171	165	182
T01X	5	3	4
T02	196	155	175
T03	687	642	764
T05	145	180	194
U32	146	163	180
U56	0	0	0
U62	462	454	511
U69	14	23	25
U72	18	13	17
U73	4	16	18
