Head	CymD.C.HB	CymD.C.HRP	CymD.C.LB	CymD.C.LRP	CymD.C.MRP	CymS.C.B	CymS.C.HRP.1	CymS.C.HRP.2	CymS.C.LRP.1	CymS.C.LRP.2	CymS.C.NBB.1	CymS.C.NBB.2
PF01654	1512.57277628877	2120.47365307952	312.437295517988	1905.76601837635	1851.00866428106	465.004835391869	7697.24209864399	1930.9746602693	1618.0723886978	3001.28488679324	415.824133840812	99.7853959040199
PF02335	974.117861745842	782.247503189024	24.9099252404796	824.441671599193	851.242758489649	252.430678897676	282.684575991361	135.464408777691	747.451137508214	112.791126557356	146.833942123354	8.78093701114366
PF02406	2016.03075517998	1206.09079630512	257.058589702698	2740.91077351449	2008.98258957667	446.144921770286	8268.13905087523	2207.25397799183	811.994877194312	2288.68654808081	190.978066549504	85.5775686183004
PF03892	1010.07424232922	21989.3024979057	384.401931673576	3124.48639888203	1937.7346265543	28.3792531591483	2449.92174047001	6427.95540850651	38694.9920345731	487.734222995572	147.457963325117	39.0805276108503
PF05048	0	0	0	0	0	0	0	0	0	0	0	0
PF06778	21351.3782512002	20212.1292471708	1734.50453009035	18858.813627675	15549.9531050497	6828.03640585939	9899.91219191617	3086.50548036232	16468.0123625298	1814.73436628219	1446.28836861709	225.162418687671
PF07682	0	0	0	0	0	0	0	0	0	0	0	0
PF08679	0	0	0	0	0	0	0	0	0	0	0	0
PF09242	0	0	0	0	0	0	0	0	0	0	0	0
TIGR00014	5734.3740294016	8578.03308718385	1031.96569629139	7076.16020096581	7160.24727476041	2166.56693518815	19819.0854449451	17321.8026306618	9140.10094372712	5318.44467680315	1981.50684295161	610.107372552471
TIGR00016	563.408346060555	495.706389247252	238.403199820513	1309.30940246817	1289.55571877958	723.586406985873	8524.12012137722	2191.54917218842	386.850913489108	2163.18727865159	118.830066829633	54.4826518438351
TIGR00192	5713.03214061118	8140.00668060734	803.495004652803	6204.97009866361	7602.58334966251	2289.28020193231	13149.3262794639	3385.36913277818	6952.82949023679	3601.85849068268	873.588687184432	208.2054429505
TIGR00193	5713.03214061118	8140.00668060734	803.495004652803	6204.97009866361	7602.58334966251	2289.28020193231	13149.3262794639	3385.36913277818	6952.82949023679	3601.85849068268	873.588687184432	208.2054429505
TIGR00203	518.354661957107	666.074013822418	255.444934776877	1145.79035156846	1308.0710569291	184.560632959139	7509.75219825663	1865.12945081025	403.902735913364	2959.36184745444	308.809365409226	90.6388171122906
TIGR00316	0	0	0	0	0	0	0	0	0	0	0	0
TIGR00339	23282.0546179855	42839.7879687136	2213.23897183755	24626.8020604296	18964.9728401585	6365.05417493154	13927.0635774684	10549.7154890975	55918.6826362245	3237.31511804589	1923.18238370648	456.885830130684
TIGR00381	0	0	0	0	0	0	0	0	0	0	0	0
TIGR00455	6507.72585612305	7435.64194809332	742.138202055489	7953.30648966516	8038.36272967302	2430.39350075287	13019.5556055969	3552.87241803514	6237.66544718572	3730.91093425753	955.881141036273	197.649132826377
TIGR00651	3407.77531988933	2946.80370464632	261.797001250327	3504.67074268115	3143.53122149901	2235.93110999604	2842.09966933221	1222.26360268947	2428.53602720354	698.42058067794	500.910296443664	67.0423629681603
TIGR00780	1632.37940469583	24350.7046546949	872.586445801853	4383.06162407781	3266.56774889317	469.098342845307	17163.1598345551	22293.5346488827	42745.7076871856	3308.48123067254	933.136318206766	484.765951214129
TIGR00781	1632.37940469583	24350.7046546949	872.586445801853	4383.06162407781	3266.56774889317	469.098342845307	17163.1598345551	22293.5346488827	42745.7076871856	3308.48123067254	933.136318206766	484.765951214129
TIGR00782	4603.76257607397	27404.4720481205	1061.40204644046	7125.46180856972	5598.15156926884	1499.1150598281	18443.3815212232	22783.5464803752	45299.6898001545	3704.66301547426	1565.16052412221	542.092675962204
TIGR01054	0	0	0	0	0	0	0	0	0	0	0	0
TIGR01282	0	0	0	0	0	0	0	0	0	0	0	0
TIGR01286	0	0	0	0	0	0	0	0	0	0	0	0
TIGR01287	0	0	0	0	0	0	0	0	0	0	0	0
TIGR01323	25372.8592887374	23584.9748361103	2097.26293585729	23365.5272933955	18753.4954604228	7399.72884838285	13167.3447253861	3900.94070782611	19078.1646077915	2995.83513247121	2371.57303246117	364.225061794015
TIGR01428	29619.5207521809	28531.674150309	2670.33883736964	28152.9909999173	23703.8042884855	10451.4885478487	16773.7299460718	5489.25908821677	23283.9461828299	3854.88917139471	3187.91211763568	572.272162741871
TIGR01432	0	0	0	0	0	0	0	0	0	0	0	0
TIGR01433	500.472965544032	430.901670890938	207.884851250387	1127.82189357957	1027.75200539641	171.793605673413	7499.50048573816	1842.9559491615	298.03708511594	2000.38160328374	72.7361809030553	53.300030237626
TIGR01473	25396.1631308524	26865.3866021512	2769.74300578982	25155.7678578088	20234.5790692426	9045.81402788859	28071.1337954538	24476.6135484723	26331.7304943494	5634.50752722867	2989.59621100342	881.942778498495
TIGR01580	18.2138091722565	11.7142569198241	2.49782812678527	49.3874110218872	84.310172816015	83.63712926745	187.759857093752	92.7769997888009	2.79016894546177	44.502191320897	0	3.70706272146722
TIGR01582	1945.22241877327	2297.01959044288	83.313858449825	1691.31251893683	1461.42603527107	545.854537463454	552.330311528387	214.228231716951	1997.39765365095	184.244473495835	231.88127103052	18.1815360142493
TIGR01583	3978.48172421433	3273.80317276126	200.93074703083	4059.23550192891	2971.33889333947	920.75656925071	1439.03426338862	635.233796456979	2631.56276505538	469.839465440812	383.94357459755	51.1150735458662
TIGR01591	17235.9084831408	16430.9905964919	1474.5095030963	17143.4042703522	16490.9821273156	4127.27925178251	17026.5824218153	4687.01697775987	14047.7218239582	4386.83732139789	1529.19315069082	335.989976975893
TIGR01660	18.2138091722565	11.7142569198241	2.49782812678527	49.3874110218872	84.310172816015	83.63712926745	187.759857093752	92.7769997888009	2.79016894546177	44.502191320897	0	3.70706272146722
TIGR01702	0	0	0	0	0	0	0	0	0	0	0	0
TIGR01706	0	0	0	0	0	0	0	0	0	0	0	0
TIGR01792	5493.66013069952	7812.56777022453	749.887104441753	6073.24999160606	7472.62208392308	2155.76676535968	12964.9470721878	3305.36383090473	6815.25338263414	3537.3105950997	851.264474455374	178.885228337019
TIGR01860	0	0	0	0	0	0	0	0	0	0	0	0
TIGR01861	0	0	0	0	0	0	0	0	0	0	0	0
TIGR02034	672.273184669531	687.099888798393	221.329370711513	1333.56761333633	1262.38919326602	287.525822694852	7600.09523560594	1913.18541131687	498.671360506864	2068.53144123067	121.736197639226	60.8553868456186
TIGR02061	19000.4285145975	38492.8626517303	1903.89807165314	20739.755136178	15852.5433676947	4072.71525552155	10202.6437517248	9256.80295250691	52552.287125453	2462.33310188473	1317.35871545247	360.437684916769
TIGR02064	1017.48723901641	22576.7333875955	419.936471989884	3162.31532174527	1971.06319812891	65.8052598333978	2773.99669001732	7200.72239867397	39796.9773109251	627.139178034955	165.430958241101	100.937507881904
TIGR02066	1017.48723901641	22576.7333875955	419.936471989884	3162.31532174527	1971.06319812891	65.8052598333978	2773.99669001732	7200.72239867397	39796.9773109251	627.139178034955	165.430958241101	100.937507881904
TIGR02188	17183.3310572931	23099.6978568928	2989.06014438894	17261.761514188	13845.6225552344	8985.39091561729	28314.9321754603	24296.2145823408	22609.3250041009	7785.18295283026	4116.86318027821	1760.38149484735
TIGR02374	1517.96020456044	23007.6350584864	627.82132324027	4290.13721532483	2998.81520352532	237.598865506811	10273.4971757555	9043.67834783547	40095.014396041	2627.5207813187	238.167139144156	154.23753811953
TIGR02376	0	0	0	0	0	0	0	0	0	0	0	0
TIGR02378	1737.33221447211	23335.0739688692	681.42922345132	4421.85732238238	3128.77646926475	371.11230207944	10457.8763830316	9123.68364970892	40232.5905036436	2692.06867690167	260.491351873214	183.557752733011
TIGR02416	29161.3391351768	28510.8917023652	2593.44515900953	28044.0871833537	23509.6900157638	10110.3872077722	16406.1490840581	5128.15565942701	23395.9025215547	3766.16565278634	2849.52594436848	435.075034829195
TIGR02486	15865.2387517598	14894.5083622907	1227.16888726187	15240.7361176068	12630.9713036528	3271.67959339724	7734.44839897403	2147.62785856125	12459.4116242198	1817.50737313872	1324.25897679169	232.5217732977
TIGR02512	0	0	0	0	0	0	0	0	0	0	0	0
TIGR02658	19.7923400703074	75.7434760317651	1.41157246823377	115.775096865955	94.2096438975208	60.0191843562902	134.14684648779	36.5126029928598	63.0502151836923	45.5004715939266	0	0.691652858149669
TIGR02659	520.26530561434	506.645146922703	209.29642371862	1243.59699044552	1121.96164929393	231.812790029703	7633.64733222595	1879.46855215436	361.087300299632	2045.88207487767	72.7361809030553	53.9916830957757
TIGR02689	0	0	0	0	0	0	0	0	0	0	0	0
TIGR02691	955.408767725415	882.671786933725	347.946216882503	2237.34510054071	2348.50787564225	619.937416285043	8098.28033438365	2113.97018413345	859.492643470894	2242.53306954598	119.534328770699	69.9444567745533
TIGR02693	0	0	0	0	0	0	0	0	0	0	0	0
TIGR02694	0	0	0	0	0	0	0	0	0	0	0	0
TIGR02717	534.975418359499	479.353385840527	212.097466156091	1172.74691036973	1051.24257119396	263.05321387246	7600.0158551191	1885.56398524867	313.256353602193	2038.44254516498	78.5276110754374	54.4476818035896
TIGR02818	3345.83619186242	4011.89461816393	303.322849881523	3562.27532669745	3429.65916780874	976.023938790502	3492.7202978883	819.997660704098	3153.89562059045	1176.12872995325	769.006769519354	119.660970302343
TIGR02819	0	0	0	0	0	0	0	0	0	0	0	0
TIGR02821	739.17302791254	680.181406664534	61.6895322047422	763.74584122172	611.772791261181	383.994442495715	653.596977774972	218.071499100658	501.782886190667	199.725216701075	338.846678373909	31.2819279528601
TIGR02847	500.472965544032	430.901670890938	207.884851250387	1127.82189357957	1027.75200539641	171.793605673413	7499.50048573816	1842.9559491615	298.03708511594	2000.38160328374	72.7361809030553	53.300030237626
TIGR02866	24609.164991899	46627.9558360192	3402.30688963399	25025.9885470032	20687.088858041	7960.72526296308	22219.9865061684	24595.7819091892	61000.8865958969	5109.88331898859	3624.96331542894	1756.60798730278
TIGR02882	0	0	0	0	0	0	0	0	0	0	0	0
TIGR02891	23475.2439328706	44716.5309889063	3274.92643159037	24732.1721314147	19067.1778986726	6287.35725153345	19314.7442617869	23579.4254742089	58862.2729589453	4715.56940075876	3287.71540193337	1739.85872149152
TIGR02910	0	0	0	0	0	0	0	0	0	0	0	0
TIGR02911	0	0	0	0	0	0	0	0	0	0	0	0
TIGR02912	0	0	0	0	0	0	0	0	0	0	0	0
TIGR02929	0	0	0	0	0	0	0	0	0	0	0	0
TIGR02930	0	0	0	0	0	0	0	0	0	0	0	0
TIGR02931	0	0	0	0	0	0	0	0	0	0	0	0
TIGR02932	0	0	0	0	0	0	0	0	0	0	0	0
TIGR03078	0	0	0	0	0	0	0	0	0	0	0	0
TIGR03079	0	0	0	0	0	0	0	0	0	0	0	0
TIGR03080	0	0	0	0	0	0	0	0	0	0	0	0
TIGR03119	500.472965544032	430.901670890938	207.884851250387	1127.82189357957	1027.75200539641	171.793605673413	7499.50048573816	1842.9559491615	298.03708511594	2000.38160328374	72.7361809030553	53.300030237626
TIGR03120	500.472965544032	430.901670890938	207.884851250387	1127.82189357957	1027.75200539641	171.793605673413	7499.50048573816	1842.9559491615	298.03708511594	2000.38160328374	72.7361809030553	53.300030237626
TIGR03126	500.472965544032	430.901670890938	207.884851250387	1127.82189357957	1027.75200539641	171.793605673413	7499.50048573816	1842.9559491615	298.03708511594	2000.38160328374	72.7361809030553	53.300030237626
TIGR03148	0	0	0	0	0	0	0	0	0	0	0	0
TIGR03152	0	0	0	0	0	0	0	0	0	0	0	0
TIGR03153	0	0	0	0	0	0	0	0	0	0	0	0
TIGR03256	0	0	0	0	0	0	0	0	0	0	0	0
TIGR03257	0	0	0	0	0	0	0	0	0	0	0	0
TIGR03259	0	0	0	0	0	0	0	0	0	0	0	0
TIGR03312	0	0	0	0	0	0	0	0	0	0	0	0
TIGR03313	101.699484224123	134.46104687773	12.0759827388754	94.2922411941785	129.083274206438	110.357117251164	29.3092631645985	24.6056880959532	114.238154953322	5.95864696687154	21.8869034120175	1.03874805399042
TIGR03315	379.45963829901	199.361493935954	87.3859848527239	571.810886455183	864.045521351944	759.004527505264	640.658399913897	365.091937010708	299.471569353939	137.176138341968	153.4071867141	1.08301008508774
TIGR03451	16921.2932274714	14696.1946676538	1298.9925269942	15038.5533374094	11991.3372890477	3374.76911664081	6389.02247143359	1932.3795015415	12296.1111238461	1173.67834909481	943.489875433604	161.232217450824
TIGR03478	85.2039121056744	48.8121191113052	18.5168925634459	101.583034322287	99.5480453008357	40.3080788136815	32.5238618997428	16.1653614476531	27.0336213167295	15.9437499239464	55.9659073479065	3.96157566230822
TIGR03479	85.2039121056744	48.8121191113052	18.5168925634459	101.583034322287	99.5480453008357	40.3080788136815	32.5238618997428	16.1653614476531	27.0336213167295	15.9437499239464	55.9659073479065	3.96157566230822
TIGR03507	0	0	0	0	0	0	0	0	0	0	0	0
TIGR03509	0	0	0	0	0	0	0	0	0	0	0	0
TIGR03888	11981.7994524331	10217.5916874508	893.584211771652	11533.8854908193	10448.2954473812	2690.9417882325	7243.23607075676	1967.14260146344	8682.32937317625	1706.33948837014	1326.34585045782	214.877647702609
TIGR04105	0	0	0	0	0	0	0	0	0	0	0	0
TIGR04246	0	0	0	0	0	0	0	0	0	0	0	0
TIGR04247	0	0	0	0	0	0	0	0	0	0	0	0
TIGR04266	0	0	0	0	0	0	0	0	0	0	0	0
TIGR04315	0	0	0	0	0	0	0	0	0	0	0	0
TIGR04486	2480.82599016406	23465.3576849114	515.301757246434	4681.9191811065	3127.05892017868	347.548503445721	3481.60148096968	7541.57015509364	40330.4046333632	1812.23317602267	492.632915069566	164.03722458324
TIGR04488	2824.39808653709	19719.6213308038	479.380497340364	5015.82728800457	3463.16744252953	429.400535294033	2166.54138108534	1869.30486798415	33345.1666954707	1527.5596105711	570.753714871931	95.2127317317325
TIGR04550	0	0	0	0	0	0	0	0	0	0	0	0
TIGR04555	4909.4726957378	5395.1215333259	711.108974187945	5608.19868409154	4686.2776816274	1373.23838394509	15879.8058336319	15783.8122094447	5724.78141081701	4129.2001340706	1415.54789642389	480.762066488581
acetate_citrate_lyase_aclA	0	0	0	0	0	0	0	0	0	0	0	0
acetate_citrate_lyase_aclB	0	0	0	0	0	0	0	0	0	0	0	0
carbon_monoxide_dehydrogenase_coxM	26445.5391594366	26090.8560465111	3175.61642789211	25208.6708345792	21937.4166524377	10166.2630601988	16038.8960940191	5360.26161188641	21266.1265811081	4598.30610253242	3422.1421681999	1402.02587081354
carbon_monoxide_dehydrogenase_coxS	28353.2047199792	27480.8846451026	3413.03454258079	27702.8449385525	24554.9699472486	10449.9617200375	16929.4150629364	5840.75701053925	22747.9317704372	5027.40777608189	3576.681597186	1578.23916664893
fe	0	0	0	0	0	0	0	0	0	0	0	0
fefe-group-a13	0	0	0	0	0	0	0	0	0	0	0	0
fefe-group-a2	0	0	0	0	0	0	0	0	0	0	0	0
fefe-group-a4	0	0	0	0	0	0	0	0	0	0	0	0
fefe-group-b	0	0	0	0	0	0	0	0	0	0	0	0
fefe-group-c1	0	0	0	0	0	0	0	0	0	0	0	0
fefe-group-c2	0	0	0	0	0	0	0	0	0	0	0	0
fefe-group-c3	0	0	0	0	0	0	0	0	0	0	0	0
hydrazine_oxidase_hzoA	0	0	0	0	0	0	0	0	0	0	0	0
hydrazine_synthase_hzsA	0	0	0	0	0	0	0	0	0	0	0	0
methanol_dehydrogenase_pqq_xoxF_mxaF	4037.78406838352	4044.61407213331	464.193196207853	4353.97281782806	3514.1945903741	2066.87742898209	9334.92406864167	2549.43708654823	3223.85359939264	2481.05814321818	738.95933960502	116.449318514799
nife-group-1	1624.96640800865	23763.2737650051	837.051905485545	4345.23270121458	3233.23917731856	431.672336171057	16839.0848850078	21520.7676587152	41643.7224108337	3169.07627563316	915.163323290782	422.908970943076
nife-group-2ade	0	0	0	0	0	0	0	0	0	0	0	0
nife-group-2bc	500.472965544032	430.901670890938	207.884851250387	1127.82189357957	1027.75200539641	171.793605673413	7499.50048573816	1842.9559491615	298.03708511594	2000.38160328374	72.7361809030553	53.300030237626
nife-group-3abd	0	0	0	0	0	0	0	0	0	0	0	0
nife-group-3c	0	0	0	0	0	0	0	0	0	0	0	0
nife-group-4a-g	0	0	0	0	0	0	0	0	0	0	0	0
nife-group-4hi	0	0	0	0	0	0	0	0	0	0	0	0
nitric_oxide_reductase_norB	500.472965544032	430.901670890938	207.884851250387	1127.82189357957	1027.75200539641	171.793605673413	7499.50048573816	1842.9559491615	298.03708511594	2000.38160328374	72.7361809030553	53.300030237626
nitric_oxide_reductase_norC	593.412480950311	418.420743955537	127.066477765748	1094.6858113029	1417.89122937461	570.043241242259	655.989492757019	244.123369042917	701.285235474869	201.385891749996	81.3548836060652	17.3948734807184
nitrite_oxidoreductase_nxrA	0	0	0	0	0	0	0	0	0	0	0	0
nitrite_oxidoreductase_nxrB	0	0	0	0	0	0	0	0	0	0	0	0
nitrite_reductase_nirS	0	0	0	0	0	0	0	0	0	0	0	0
rubisco_form_I	1010.07424232922	21989.3024979057	384.401931673576	3124.48639888203	1937.7346265543	28.3792531591483	2449.92174047001	6427.95540850651	38694.9920345731	487.734222995572	147.457963325117	39.0805276108503
rubisco_form_II	0	0	0	0	0	0	0	0	0	0	0	0
rubisco_form_III	0	0	0	0	0	0	0	0	0	0	0	0
rubisco_form_II_III	0	0	0	0	0	0	0	0	0	0	0	0
rubisco_form_IV	0	0	0	0	0	0	0	0	0	0	0	0
sulfide_quinone_oxidoreductase_sqr	226.501630072955	4512.55678788651	154.25048511139	424.092397919732	544.485171981642	131.218090843838	1667.88708368921	5775.23019249063	7458.64037985236	1372.58234624697	395.921176086055	111.393668254367
sulfur_dioxygenase_sdo	14665.9768406564	16310.2311194621	1400.19321564506	15619.9552896449	13977.06668149	3400.55590683888	8885.01029826942	8175.67595207321	17856.136360916	2447.98530161545	1570.16668600714	455.481610395032
thiosulfate_reductase_phsA	17.8816964130741	235.172342931479	47.5600835264898	17.968457988892	280.319051532682	12.7670272857259	10.2517125184673	22.1735016487549	105.865650797425	958.980244170699	236.073184506171	37.3387868746646
assA	0	0	0	0	0	0	0	0	0	0	0	0
masD	0	0	0	0	0	0	0	0	0	0	0	0
lactate_dehydrogenase	4647.05906018271	4060.77672702308	493.876215024558	5474.59829886549	4851.95666592594	1428.37056493046	9902.19240643589	2832.95988833984	3311.30459595163	2749.79240022356	448.626344969942	146.030326746163
phosphate_acetyltransferase	448.016794473344	141.171339991397	914.608289608459	594.283927238664	894.544500746781	625.884078403177	999.004568537168	717.972287629175	148.435886286903	1299.10543886367	890.963224528405	1170.19781315418
acetate_kinase	500.472965544032	430.901670890938	207.884851250387	1127.82189357957	1027.75200539641	171.793605673413	7499.50048573816	1842.9559491615	298.03708511594	2000.38160328374	72.7361809030553	53.300030237626
acetyl-CoA_synthetase	19567.2611048088	26106.048231367	3185.21234187334	20195.0797957755	16805.2976859331	8042.74187676839	26880.2610267976	23895.2610277167	25278.8860947305	7843.91175302883	4041.16204815741	1766.66622926758
aldehyde_dehydrogenase	32928.6557940108	54543.7094572495	4656.99850468654	35271.2782161231	30603.7373081509	12724.104344629	36054.4327923331	28949.9728091224	67821.1937075377	9793.71353903694	5289.17729300736	2156.27431388137
alcohol_dehydrogenase	33246.0476834067	55087.6048068891	4711.34227382366	35466.9766318594	30954.4910879935	12891.3508997459	36288.5978745137	29060.9484072822	68167.1773826528	9872.85463922982	5332.23857649439	2186.00588676133
KEGG.B01	1515.55778963595	775.18912541418	49.1737384523116	1613.08887993493	981.230584180259	274.351316096873	768.638565137071	364.298028830332	513.957792078372	288.304944797065	118.241885646448	32.2775383806744
KEGG.B02	0	0	0	0	0	0	0	0	0	0	0	0
KEGG.B03	0	0	0	0	0	0	0	0	0	0	0	0
KEGG.B04	0	0	0	0	0	0	0	0	0	0	0	0
KEGG.B05	0	0	0	0	0	0	0	0	0	0	0	0
KEGG.B06	18.2138091722565	11.7142569198241	2.49782812678527	49.3874110218872	84.310172816015	83.63712926745	187.759857093752	92.7769997888009	2.79016894546177	44.502191320897	0	3.70706272146722
KEGG.B07	4875.80384194131	6455.89674699485	649.150131078617	6321.6896337063	6767.19424260371	1801.44594303308	4509.78895224411	1214.49370118369	5806.8422997061	1536.95307130584	970.106747671482	153.890760001849
KEGG.B08	9752.64495653996	11884.4188030215	1012.71713480765	9152.18008858323	7036.21608759061	3064.80873756839	5191.05105842944	1271.18368945192	9104.32735939163	1336.19021459982	900.43637306973	154.343184496814
KEGG.B09	0	0	0	0	0	0	0	0	0	0	0	0
KEGG.B10	0	0	0	0	0	0	0	0	0	0	0	0
KEGG.B11	0	0	0	0	0	0	0	0	0	0	0	0
KEGG.B12	0	0	0	0	0	0	0	0	0	0	0	0
KEGG.B13	0	0	0	0	0	0	0	0	0	0	0	0
KEGG.B14	20061.1394732332	18679.7069102639	1711.38103209084	18709.7543951093	14376.5868700416	5466.70272031416	9671.86673009293	2687.81397685894	14863.7124002186	2069.87964187854	1522.00900738083	298.312852364747
KEGG.B15	0	0	0	0	0	0	0	0	0	0	0	0
KEGG.B16	0	0	0	0	0	0	0	0	0	0	0	0
KEGG.B17	18037.3113463158	14781.6755478304	1471.43456941681	16257.4206100736	11043.3694912445	5695.75204204645	7752.09675137564	2431.47961254201	11361.3330188284	1309.17375021151	1256.08561826164	218.501599957343
KEGG.B18	0	0	0	0	0	0	0	0	0	0	0	0
KEGG.B19	0	0	0	0	0	0	0	0	0	0	0	0
KEGG.B20	11636.2089065501	17713.6522080575	1706.86435591525	14095.036537921	13909.5442017365	6252.68109175486	25399.0814442766	24220.4605932377	20381.3437957021	5809.62450424119	3025.32972395612	734.192706622167
KEGG.B21	0	0	0	0	0	0	0	0	0	0	0	0
KEGG.B22	21033.740219154	27609.7198500683	3265.51557953058	20962.3634599946	17689.6525752815	9798.12396917992	30075.212490927	24950.3503451295	26524.0245799819	8337.47205454223	4455.54169049087	1806.87015563222
KEGG.B23	3399.56027875598	5229.09960815263	529.441673684274	4661.71445526474	5606.08915404606	1239.86363994321	3582.25145365126	879.454929697726	4938.96732573161	1222.25044653264	580.508159021505	104.865980776434
KEGG.C01	4257.58913504837	5817.82172101742	522.669384540087	4861.48302491035	5538.15290833036	2081.84389758201	4365.93502418864	1286.65293467376	5022.36048556739	1348.31681696278	1093.62525253768	125.707819859156
KEGG.C02	520.26530561434	506.645146922703	209.29642371862	1243.59699044552	1121.96164929393	231.812790029703	7633.64733222595	1879.46855215436	361.087300299632	2045.88207487767	72.7361809030553	53.9916830957757
KEGG.C03	0	0	0	0	0	0	0	0	0	0	0	0
GH1	1136.73769711517	18579.9967329181	362.942786477226	3258.77255740032	2355.98743620741	315.974860526716	1467.69756719152	1602.17439597017	32747.7253820761	319.650213140427	56.3982706272188	38.6626839172768
GH10	0	0	0	0	0	0	0	0	0	0	0	0
GH100	379.45963829901	199.361493935954	87.3859848527239	571.810886455183	864.045521351944	759.004527505264	640.658399913897	365.091937010708	299.471569353939	137.176138341968	153.4071867141	1.08301008508774
GH102	2275.26214654376	2512.37349706923	330.835225033728	2632.48612947831	1802.92112472734	627.181003086574	7935.57923820543	13731.6997604016	3370.43986626631	1050.48543968376	858.418178870931	375.866852329445
GH103	6906.49124028985	30875.6882452495	1458.50699932792	10761.0044682821	9824.92037580569	2010.11647399981	21471.2917570351	23578.2870632412	48080.6180453167	5790.25763761487	1977.0828181197	686.102790325283
GH104	0	0	0	0	0	0	0	0	0	0	0	0
GH105	10126.1958152696	11764.2293176356	1014.18253785292	8308.06410460078	6966.66006958356	5419.46523215509	7168.4970629507	2266.58580963321	8963.58552107499	1308.97506773982	1050.99070791955	139.58986750432
GH106	0	0	0	0	0	0	0	0	0	0	0	0
GH108	0	0	0	0	0	0	0	0	0	0	0	0
GH109	32214.4764653352	52317.5506306601	3616.61608564005	34373.7442469426	29486.7610397136	12021.4671539603	28184.7961162179	14320.6308132771	63856.5370285823	6889.08226897138	3660.21310898562	739.124850111793
GH110	0	0	0	0	0	0	0	0	0	0	0	0
GH113	1150.3275336738	1188.97967396203	111.518103616082	989.673119797006	936.230161878637	1654.19216897906	3346.65537710997	1142.53250748903	785.993820164854	551.678143418662	314.540783216275	42.3351836534856
GH114	5763.15446053847	6116.76418787866	595.970699847919	4932.37182038951	3308.14188013511	1177.95256164805	1563.23746099751	435.603924679804	4861.90114049764	330.443237947591	319.407476886024	20.0465643613872
GH116	221.043071231969	299.332110270891	38.881744800156	218.777132109673	198.78002219617	143.251145244916	99.2831594733059	23.5269197179787	298.794608815249	44.3625380425615	28.6060521426397	6.4423057031647
GH117	503.350461660157	691.575739010017	123.007993581332	531.984748055831	590.545001318766	828.557383130006	1308.2820023885	452.125444618354	525.184544791065	271.716108993387	97.0241507982755	36.9451419228549
GH12	561.188754150029	399.120270023935	121.638824555053	1078.86456090461	1399.15278800168	640.482358018756	831.797125897625	325.428582273871	664.024399209202	237.001165894394	81.3548836060652	20.6479942642281
GH120	0	0	0	0	0	0	0	0	0	0	0	0
GH122	0	0	0	0	0	0	0	0	0	0	0	0
GH123	62.9353805165229	64.8047183563136	30.5183485701263	181.487508888609	261.80371338317	551.79280131246	1024.61963563906	348.593223026926	88.8138283731683	162.80567536785	46.093885926578	1.18262160620907
GH125	221.043071231969	299.332110270891	38.881744800156	218.777132109673	198.78002219617	143.251145244916	99.2831594733059	23.5269197179787	298.794608815249	44.3625380425615	28.6060521426397	6.4423057031647
GH127	226.663581015286	299.332110270891	38.881744800156	221.897848627386	220.366914388995	144.110169126851	100.183113694033	25.7689539974618	298.794608815249	46.8221550708505	73.017019267642	7.63390329030299
GH128	0	0	0	0	0	0	0	0	0	0	0	0
GH129	0	0	0	0	0	0	0	0	0	0	0	0
GH13	485.82415454635	646.252065583061	182.345438651414	970.732719614597	1152.80937447874	838.322896549333	1465.79026899909	556.944790914138	557.599564996755	363.391900031327	77.1420162412413	36.2639495379975
GH130	1274.26673627978	1844.53308658505	170.662866261234	1583.39996646124	1821.98380559203	842.450147880057	1459.32225595476	534.109413394716	1717.201766726	318.121392829139	184.335980469137	14.5308914554853
GH133	219.372009911665	327.438910382812	53.60790021105	131.720107057549	129.961265739427	133.513436572629	184.379207276128	80.0053018734495	137.576107602647	64.5478955829763	22.3242127290578	29.3202146134811
GH134	0	0	0	0	0	0	0	0	0	0	0	0
GH135	0	0	0	0	0	0	0	0	0	0	0	0
GH136	1373.39487533678	2033.04981988656	131.432244116223	1009.63645758096	1609.40167505295	328.760885460644	643.605878520743	159.212687158786	1863.60678792318	149.710923878899	125.74672446102	4.14597499966711
GH137	62.9353805165229	64.8047183563136	30.5183485701263	181.487508888609	261.80371338317	551.79280131246	1024.61963563906	348.593223026926	88.8138283731683	162.80567536785	46.093885926578	1.18262160620907
GH139	62.9353805165229	64.8047183563136	30.5183485701263	181.487508888609	261.80371338317	551.79280131246	1024.61963563906	348.593223026926	88.8138283731683	162.80567536785	46.093885926578	1.18262160620907
GH13_10	0	0	0	0	0	0	0	0	0	0	0	0
GH13_11	1514.18836678847	1220.24640593391	210.515099963441	2044.8977453866	2449.36870072967	1117.41233684394	1128.14339065103	605.308622289508	1350.8589840577	370.035429985577	286.99760689864	15.1874277677654
GH13_13	0	0	0	0	0	0	0	0	0	0	0	0
GH13_16	0	0	0	0	0	0	0	0	0	0	0	0
GH13_18	500.472965544032	430.901670890938	207.884851250387	1127.82189357957	1027.75200539641	171.793605673413	7499.50048573816	1842.9559491615	298.03708511594	2000.38160328374	72.7361809030553	53.300030237626
GH13_19	0	0	0	0	0	0	0	0	0	0	0	0
GH13_20	42.9058973745408	15.3710280350061	0	8.87991633621466	26.9639744680659	47.0395282232432	51.9910113381281	23.5939895126542	27.273351825395	15.9701639942488	21.9674395244196	0.437632646773343
GH13_23	79.3494595304999	22.5074949845958	19.7262779037465	209.797333625682	297.293269481642	281.704213060524	250.485720603072	173.910681297715	91.6914590374207	46.2639209740709	6.03613848952496	0.294696177464308
GH13_24	0	0	0	0	0	0	0	0	0	0	0	0
GH13_26	0	0	0	0	0	0	0	0	0	0	0	0
GH13_3	0	0	0	0	0	0	0	0	0	0	0	0
GH13_31	0	0	0	0	0	0	0	0	0	0	0	0
GH13_36	0	0	0	0	0	0	0	0	0	0	0	0
GH13_4	500.472965544032	430.901670890938	207.884851250387	1127.82189357957	1027.75200539641	171.793605673413	7499.50048573816	1842.9559491615	298.03708511594	2000.38160328374	72.7361809030553	53.300030237626
GH13_6	0	0	0	0	0	0	0	0	0	0	0	0
GH13_7	0	0	0	0	0	0	0	0	0	0	0	0
GH13_9	2152.77193503105	1762.45707338332	393.514939458387	2865.59189231717	3170.29482045908	1598.44646170951	8857.70838952263	2597.42827812106	1574.22735861816	2361.16068474011	401.337660959092	92.7788881248028
GH14	0	0	0	0	0	0	0	0	0	0	0	0
GH140	262.277907286206	342.809938417818	53.60790021105	140.600023393763	156.925240207493	180.552964795872	236.370218614256	103.599291386104	164.849459428042	80.518059577225	44.2916522534774	29.7578472602545
GH141	62.9353805165229	64.8047183563136	30.5183485701263	181.487508888609	261.80371338317	551.79280131246	1024.61963563906	348.593223026926	88.8138283731683	162.80567536785	46.093885926578	1.18262160620907
GH142	102.298783541583	130.637819681498	78.8908954473367	396.395718629136	512.320117941541	61.5364619122562	87.2757410860913	50.7977484677715	205.292453703968	95.8434924445169	3.40672363081297	5.565486506427
GH144	0	0	0	0	0	0	0	0	0	0	0	0
GH145	62.9353805165229	64.8047183563136	30.5183485701263	181.487508888609	261.80371338317	551.79280131246	1024.61963563906	348.593223026926	88.8138283731683	162.80567536785	46.093885926578	1.18262160620907
GH146	885.318659051946	18382.2350537193	321.100610715348	2806.77445410761	1796.27596131771	20.8477085793291	1125.70914462993	1459.50642701198	32517.4794527421	213.537075958689	18.3240403451806	27.7793706986568
GH148	0	0	0	0	0	0	0	0	0	0	0	0
GH149	0	0	0	0	0	0	0	0	0	0	0	0
GH15	8807.15300732883	8817.18114820243	828.72758740711	7659.43640452488	4624.23685784687	2492.9658888498	2818.87685887041	873.066855415049	6818.37079691342	544.732759637319	747.659302333352	55.6490100424681
GH151	1278.12553134715	1659.60228392441	111.397491411412	1264.42030879483	1180.70279444299	436.667455316122	431.715101353316	182.511863119143	1479.61760698975	118.828791977915	127.869372017461	15.5443814663199
GH153	0	0	0	0	0	0	0	0	0	0	0	0
GH16	1642.88450109536	18988.8311331936	498.013731474123	4344.07715933842	3724.69518149009	1234.16394788604	2975.83395802382	2129.77153662782	33433.4956919071	617.923479712519	151.090003832616	46.5524925974646
GH17	260.526543435354	117.135079052864	44.2950651180007	365.838259536489	313.623022260591	81.0364945624844	87.5764188324742	54.8911435681655	102.487490607679	42.8000360105399	43.5521944373669	3.28312244474793
GH18	966.111068731397	872.138202240293	193.201998326285	1639.80098987205	1968.44414317431	817.972595730115	936.740561181282	356.670592864734	1166.04802481822	294.830183605041	115.278129703497	24.4867479337208
GH19	0	0	0	0	0	0	0	0	0	0	0	0
GH2	2784.6954049705	2962.33324076313	270.891389479242	3207.13236849586	3424.71888575237	1809.50870966503	2297.61754159908	872.586426435878	2964.60183258558	549.08905262261	386.534137929973	37.3017531088978
GH20	1320.27647406168	1692.49568811195	138.503796313205	1382.37973018807	1321.55931344549	633.421887435697	590.054116010596	198.436859073112	1660.37722220041	166.369818611795	156.086851927995	16.3518486818339
GH23	11365.4700892969	34904.2975397533	2824.32881705242	15745.8116051128	15076.956401189	5536.77653079845	26192.1729206996	25831.6357386921	51882.7969541148	8010.1753551167	3673.07367446668	1937.64920119836
GH24	0	0	0	0	0	0	0	0	0	0	0	0
GH25	0	0	0	0	0	0	0	0	0	0	0	0
GH26	0	0	0	0	0	0	0	0	0	0	0	0
GH28	1096.21112729491	1102.16038409596	146.448799217599	1263.33160346745	1197.96391364071	1197.33485484039	1900.72917664869	642.181141674714	941.492175144108	456.931637521781	419.338046615509	41.3945257627152
GH29	517.871182697906	516.5748343991	170.579714202243	1291.01071584976	1582.55958362901	999.93661192409	1623.39948428455	619.607457998879	650.269386728123	404.957141630089	92.8920337942217	17.8270481431364
GH3	7759.76128186199	11111.799156745	1246.62959345345	9639.88103117713	10129.7188563595	2654.62931802274	19617.4800008105	17385.264871938	11707.1000710249	5501.65702193818	1995.19914886056	643.979723272687
GH30	0	0	0	0	0	0	0	0	0	0	0	0
GH31	0	0	0	0	0	0	0	0	0	0	0	0
GH32	773.276127060918	1014.97698582132	117.91451597588	934.5637040585	1015.29477990841	1211.55091123821	1716.29419061509	619.470267705574	821.793597084083	393.938151744994	188.793974487159	36.588707323738
GH33	4561.96225718358	5705.96905546882	529.805589285202	4579.64585782121	5503.72971611392	2306.9016675649	3235.53486853588	1164.05484589435	5282.40383407408	901.768301956145	573.03512384887	76.9251859680841
GH36	0	0	0	0	0	0	0	0	0	0	0	0
GH37	0	0	0	0	0	0	0	0	0	0	0	0
GH38	0	0	0	0	0	0	0	0	0	0	0	0
GH39	0	0	0	0	0	0	0	0	0	0	0	0
GH4	3817.39167701715	5305.77056278665	499.165249016033	3706.54423710601	5271.71118356135	2343.89989564471	3572.67513000835	1131.14449514387	5131.0683287716	805.811724310057	422.781641538948	43.8339257235476
GH42	283.978451748492	364.136828627205	69.4000933702824	400.264640998282	460.58373557934	695.043946557376	1123.90279511237	372.120142744904	387.608437188418	207.168213410411	74.6999380692177	7.62492730937376
GH43	1014.01045440197	1530.14311528886	58.4039332093454	875.750763673849	637.147251249489	340.463386789021	321.636746875153	102.357812451914	1277.21986796813	87.4235109327275	107.014768431586	9.83823164987901
GH43_10	0	0	0	0	0	0	0	0	0	0	0	0
GH43_12	0	0	0	0	0	0	0	0	0	0	0	0
GH43_18	0	0	0	0	0	0	0	0	0	0	0	0
GH43_2	0	0	0	0	0	0	0	0	0	0	0	0
GH43_23	0	0	0	0	0	0	0	0	0	0	0	0
GH43_30	0	0	0	0	0	0	0	0	0	0	0	0
GH43_33	0	0	0	0	0	0	0	0	0	0	0	0
GH43_34	0	0	0	0	0	0	0	0	0	0	0	0
GH43_5	885.318659051946	18382.2350537193	321.100610715348	2806.77445410761	1796.27596131771	20.8477085793291	1125.70914462993	1459.50642701198	32517.4794527421	213.537075958689	18.3240403451806	27.7793706986568
GH43_9	0	0	0	0	0	0	0	0	0	0	0	0
GH44	0	0	0	0	0	0	0	0	0	0	0	0
GH46	0	0	0	0	0	0	0	0	0	0	0	0
GH49	0	0	0	0	0	0	0	0	0	0	0	0
GH5	62.9353805165229	64.8047183563136	30.5183485701263	181.487508888609	261.80371338317	551.79280131246	1024.61963563906	348.593223026926	88.8138283731683	162.80567536785	46.093885926578	1.18262160620907
GH50	1373.39487533678	2033.04981988656	131.432244116223	1009.63645758096	1609.40167505295	328.760885460644	643.605878520743	159.212687158786	1863.60678792318	149.710923878899	125.74672446102	4.14597499966711
GH51	0	0	0	0	0	0	0	0	0	0	0	0
GH53	0	0	0	0	0	0	0	0	0	0	0	0
GH56	10.6516845602284	39.1897586989202	0	41.8024102545787	6.8406908656903	0	0.90967032567386	0	11.2345481342774	1.75755158526281	0	0
GH57	762.928014565034	532.934686024688	958.545449068772	1379.20206482324	1452.06715097034	665.560374333081	8060.09935188356	2371.94178838432	367.316012229865	3135.68335905174	756.920617220221	1061.94881734803
GH59	0	0	0	0	0	0	0	0	0	0	0	0
GH5_13	0	0	0	0	0	0	0	0	0	0	0	0
GH5_19	0	0	0	0	0	0	0	0	0	0	0	0
GH5_21	0	0	0	0	0	0	0	0	0	0	0	0
GH5_22	0	0	0	0	0	0	0	0	0	0	0	0
GH5_25	0	0	0	0	0	0	0	0	0	0	0	0
GH5_28	0	0	0	0	0	0	0	0	0	0	0	0
GH5_34	0	0	0	0	0	0	0	0	0	0	0	0
GH5_36	0	0	0	0	0	0	0	0	0	0	0	0
GH5_46	694.63046152689	541.791361117974	146.394772188649	1355.8151963422	1666.61550678921	661.523437994246	825.50517775483	321.671886588908	827.20241079184	241.580728385981	86.6720775608577	17.5905002925987
GH5_48	0	0	0	0	0	0	0	0	0	0	0	0
GH5_5	62.9353805165229	64.8047183563136	30.5183485701263	181.487508888609	261.80371338317	551.79280131246	1024.61963563906	348.593223026926	88.8138283731683	162.80567536785	46.093885926578	1.18262160620907
GH5_7	542.974944977773	387.406013104111	119.140996428268	1029.47714988272	1314.84261518567	556.845228751307	644.037268803873	232.65158248507	661.23423026374	192.498974573497	81.3548836060652	16.9409315427609
GH62	0	0	0	0	0	0	0	0	0	0	0	0
GH63	2300.74914391276	3227.45298308757	395.447964701449	2354.56185356002	2412.04549556002	2291.95187837972	2053.64244767608	661.22131265601	2233.42490281016	417.139153277327	212.045359462368	48.1705001179459
GH65	0	0	0	0	0	0	0	0	0	0	0	0
GH66	0	0	0	0	0	0	0	0	0	0	0	0
GH67	739.17302791254	680.181406664534	61.6895322047422	763.74584122172	611.772791261181	383.994442495715	653.596977774972	218.071499100658	501.782886190667	199.725216701075	338.846678373909	31.2819279528601
GH68	0	0	0	0	0	0	0	0	0	0	0	0
GH73	3142.31902891823	7216.34598059274	1389.78564616955	4379.33781129827	3475.11406984454	1342.18563112374	17710.86116755	21898.3009601372	11004.6796079213	4629.36056194447	1744.70165191342	1509.40907838782
GH74	26898.3244847536	26864.3343463235	2516.90687821292	25187.4662701523	22072.4244222242	9543.31473454046	14758.6381043646	4559.09185803375	22554.3530010054	3266.97595525362	2612.87856777616	392.073329961185
GH75	0	0	0	0	0	0	0	0	0	0	0	0
GH76	18574.8347375768	15323.7162737545	1757.66337922499	17869.9776787902	13439.0421294766	6975.41770043388	16243.8129498781	4791.48307337493	11986.5830509639	3572.0696803289	1496.71001245608	291.635060828609
GH77	1583.34044646445	1352.16349405882	260.048552251247	2269.72169530202	2203.80368102154	481.862965590785	7911.66195934235	2043.84667253037	1184.18305132686	2146.28431965933	202.919877456783	62.2929033518341
GH78	1323.84471134969	1870.01502384618	175.943056652243	1334.6068322959	1180.22189818897	550.03519846409	431.993387730696	148.273526369306	1695.1442508462	190.923939301082	152.856267296883	30.5598175065072
GH8	62.9353805165229	64.8047183563136	30.5183485701263	181.487508888609	261.80371338317	551.79280131246	1024.61963563906	348.593223026926	88.8138283731683	162.80567536785	46.093885926578	1.18262160620907
GH80	0	0	0	0	0	0	0	0	0	0	0	0
GH81	0	0	0	0	0	0	0	0	0	0	0	0
GH82	0	0	0	0	0	0	0	0	0	0	0	0
GH84	370.861433072265	459.093212736012	133.676851322026	496.454056772095	595.429508848323	306.892815582316	381.590546484283	162.500688578377	347.029448674551	185.156421496945	61.5270989761352	44.7287802718676
GH87	0	0	0	0	0	0	0	0	0	0	0	0
GH88	546.256359034698	706.946767045023	123.007993581332	540.864664392046	617.508975786833	875.596911353249	1360.27301372662	475.719434131008	552.45789661646	287.686272987636	118.991590322695	37.3827745696282
GH89	0	0	0	0	0	0	0	0	0	0	0	0
GH9	0	0	0	0	0	0	0	0	0	0	0	0
GH91	0	0	0	0	0	0	0	0	0	0	0	0
GH92	0	0	0	0	0	0	0	0	0	0	0	0
GH93	5.62050978331724	0	0	3.12071651771329	21.5868921928252	0.859023881934657	0.899954220726743	2.24203427948317	0	2.45961702828899	44.4109671250023	1.19159758713829
GH94	0	0	0	0	0	0	0	0	0	0	0	0
GH95	119.657658733538	81.4649038444363	39.6218855712452	206.154485057981	291.036478271398	629.7942026776	1094.51644637614	368.168658309274	105.752369126837	180.487462019552	59.9226090184229	11.0420100493526
GH97	0	0	0	0	0	0	0	0	0	0	0	0
GH98	0	0	0	0	0	0	0	0	0	0	0	0
GH99	1172.04737567358	1141.95206145667	65.2032425088694	1150.11398423861	1117.26845011527	408.66148027564	464.123570614329	171.909941975875	1082.02260968176	186.683972199595	153.472554741574	15.4772629256847
AA1	0	0	0	0	0	0	0	0	0	0	0	0
AA10	0	0	0	0	0	0	0	0	0	0	0	0
AA12	0	0	0	0	0	0	0	0	0	0	0	0
AA1_3	32.6506320239329	122.540222110817	9.83098947704912	32.5854762849306	155.644250707041	16.2328337301576	4.19305640459474	8.22581764144656	118.175651006107	3.78719274648682	22.9179589709236	0.457732684829739
AA2	0	0	0	0	0	0	0	0	0	0	0	0
AA3	0	0	0	0	0	0	0	0	0	0	0	0
AA3_2	0	0	0	0	0	0	0	0	0	0	0	0
AA4	0	0	0	0	0	0	0	0	0	0	0	0
AA5_2	0	0	0	0	0	0	0	0	0	0	0	0
AA6	0	0	0	0	0	0	0	0	0	0	0	0
AA7	0	0	0	0	0	0	0	0	0	0	0	0
CBM11	0	0	0	0	0	0	0	0	0	0	0	0
CBM12	0	0	0	0	0	0	0	0	0	0	0	0
CBM13	0	0	0	0	0	0	0	0	0	0	0	0
CBM14	0	0	0	0	0	0	0	0	0	0	0	0
CBM15	0	0	0	0	0	0	0	0	0	0	0	0
CBM16	0	0	0	0	0	0	0	0	0	0	0	0
CBM17	0	0	0	0	0	0	0	0	0	0	0	0
CBM2	125.524528817273	328.203139390416	10.566858403112	93.811887358668	324.29815517792	35.4116485877629	38.3395109568092	27.5846434027212	322.338185385411	10.1544314001459	43.6550297288925	0.457732684829739
CBM20	0	0	0	0	0	0	0	0	0	0	0	0
CBM21	0	0	0	0	0	0	0	0	0	0	0	0
CBM22	125.524528817273	328.203139390416	10.566858403112	93.811887358668	324.29815517792	35.4116485877629	38.3395109568092	27.5846434027212	322.338185385411	10.1544314001459	43.6550297288925	0.457732684829739
CBM23	0	0	0	0	0	0	0	0	0	0	0	0
CBM24	0	0	0	0	0	0	0	0	0	0	0	0
CBM28	0	0	0	0	0	0	0	0	0	0	0	0
CBM29	0	0	0	0	0	0	0	0	0	0	0	0
CBM3	0	0	0	0	0	0	0	0	0	0	0	0
CBM32	0	0	0	0	0	0	0	0	0	0	0	0
CBM34	0	0	0	0	0	0	0	0	0	0	0	0
CBM35	125.524528817273	328.203139390416	10.566858403112	93.811887358668	324.29815517792	35.4116485877629	38.3395109568092	27.5846434027212	322.338185385411	10.1544314001459	43.6550297288925	0.457732684829739
CBM37	0	0	0	0	0	0	0	0	0	0	0	0
CBM38	0	0	0	0	0	0	0	0	0	0	0	0
CBM39	0	0	0	0	0	0	0	0	0	0	0	0
CBM4	0	0	0	0	0	0	0	0	0	0	0	0
CBM40	0	0	0	0	0	0	0	0	0	0	0	0
CBM41	0	0	0	0	0	0	0	0	0	0	0	0
CBM43	0	0	0	0	0	0	0	0	0	0	0	0
CBM44	125.524528817273	328.203139390416	10.566858403112	93.811887358668	324.29815517792	35.4116485877629	38.3395109568092	27.5846434027212	322.338185385411	10.1544314001459	43.6550297288925	0.457732684829739
CBM47	0	0	0	0	0	0	0	0	0	0	0	0
CBM48	0	0	0	0	0	0	0	0	0	0	0	0
CBM5	0	0	0	0	0	0	0	0	0	0	0	0
CBM50	0	0	0	0	0	0	0	0	0	0	0	0
CBM51	0	0	0	0	0	0	0	0	0	0	0	0
CBM53	0	0	0	0	0	0	0	0	0	0	0	0
CBM54	0	0	0	0	0	0	0	0	0	0	0	0
CBM56	0	0	0	0	0	0	0	0	0	0	0	0
CBM57	0	0	0	0	0	0	0	0	0	0	0	0
CBM6	0	0	0	0	0	0	0	0	0	0	0	0
CBM61	0	0	0	0	0	0	0	0	0	0	0	0
CBM63	0	0	0	0	0	0	0	0	0	0	0	0
CBM66	0	0	0	0	0	0	0	0	0	0	0	0
CBM67	0	0	0	0	0	0	0	0	0	0	0	0
CBM69	0	0	0	0	0	0	0	0	0	0	0	0
CBM70	0	0	0	0	0	0	0	0	0	0	0	0
CBM73	0	0	0	0	0	0	0	0	0	0	0	0
CBM77	0	0	0	0	0	0	0	0	0	0	0	0
CBM78	0	0	0	0	0	0	0	0	0	0	0	0
CBM8	0	0	0	0	0	0	0	0	0	0	0	0
CBM80	0	0	0	0	0	0	0	0	0	0	0	0
CBM81	0	0	0	0	0	0	0	0	0	0	0	0
CBM9	0	0	0	0	0	0	0	0	0	0	0	0
CE1	0	0	0	0	0	0	0	0	0	0	0	0
CE10	0	0	0	0	0	0	0	0	0	0	0	0
CE11	0	0	0	0	0	0	0	0	0	0	0	0
CE12	0	0	0	0	0	0	0	0	0	0	0	0
CE13	0	0	0	0	0	0	0	0	0	0	0	0
CE14	92.8738967933402	205.6629172796	0.73586892606285	61.2264110737374	168.653904470879	19.1788148576053	34.1464545522145	19.3588257612747	204.162534379304	6.36723865365911	20.7370707579689	0
CE15	0	0	0	0	0	0	0	0	0	0	0	0
CE16	0	0	0	0	0	0	0	0	0	0	0	0
CE2	0	0	0	0	0	0	0	0	0	0	0	0
CE3	0	0	0	0	0	0	0	0	0	0	0	0
CE4	0	0	0	0	0	0	0	0	0	0	0	0
CE5	0	0	0	0	0	0	0	0	0	0	0	0
CE6	0	0	0	0	0	0	0	0	0	0	0	0
CE7	0	0	0	0	0	0	0	0	0	0	0	0
CE8	0	0	0	0	0	0	0	0	0	0	0	0
CE9	0	0	0	0	0	0	0	0	0	0	0	0
GT1	0	0	0	0	0	0	0	0	0	0	0	0
GT10	0	0	0	0	0	0	0	0	0	0	0	0
GT102	0	0	0	0	0	0	0	0	0	0	0	0
GT104	0	0	0	0	0	0	0	0	0	0	0	0
GT105	0	0	0	0	0	0	0	0	0	0	0	0
GT11	0	0	0	0	0	0	0	0	0	0	0	0
GT12	0	0	0	0	0	0	0	0	0	0	0	0
GT13	0	0	0	0	0	0	0	0	0	0	0	0
GT14	0	0	0	0	0	0	0	0	0	0	0	0
GT17	0	0	0	0	0	0	0	0	0	0	0	0
GT19	0	0	0	0	0	0	0	0	0	0	0	0
GT20	0	0	0	0	0	0	0	0	0	0	0	0
GT21	0	0	0	0	0	0	0	0	0	0	0	0
GT22	0	0	0	0	0	0	0	0	0	0	0	0
GT25	0	0	0	0	0	0	0	0	0	0	0	0
GT26	0	0	0	0	0	0	0	0	0	0	0	0
GT27	0	0	0	0	0	0	0	0	0	0	0	0
GT28	0	0	0	0	0	0	0	0	0	0	0	0
GT29	0	0	0	0	0	0	0	0	0	0	0	0
GT2_Chitin_synth_1	0	0	0	0	0	0	0	0	0	0	0	0
GT2_Glyco_tranf_2_2	0	0	0	0	0	0	0	0	0	0	0	0
GT2_Glyco_tranf_2_3	125.524528817273	328.203139390416	10.566858403112	93.811887358668	324.29815517792	35.4116485877629	38.3395109568092	27.5846434027212	322.338185385411	10.1544314001459	43.6550297288925	0.457732684829739
GT2_Glyco_tranf_2_4	0	0	0	0	0	0	0	0	0	0	0	0
GT2_Glyco_tranf_2_5	0	0	0	0	0	0	0	0	0	0	0	0
GT2_Glyco_trans_2_3	0	0	0	0	0	0	0	0	0	0	0	0
GT2_Glycos_transf_2	0	0	0	0	0	0	0	0	0	0	0	0
GT3	0	0	0	0	0	0	0	0	0	0	0	0
GT30	0	0	0	0	0	0	0	0	0	0	0	0
GT32	0	0	0	0	0	0	0	0	0	0	0	0
GT33	0	0	0	0	0	0	0	0	0	0	0	0
GT35	0	0	0	0	0	0	0	0	0	0	0	0
GT39	0	0	0	0	0	0	0	0	0	0	0	0
GT4	125.524528817273	328.203139390416	10.566858403112	93.811887358668	324.29815517792	35.4116485877629	38.3395109568092	27.5846434027212	322.338185385411	10.1544314001459	43.6550297288925	0.457732684829739
GT40	0	0	0	0	0	0	0	0	0	0	0	0
GT41	0	0	0	0	0	0	0	0	0	0	0	0
GT44	0	0	0	0	0	0	0	0	0	0	0	0
GT45	0	0	0	0	0	0	0	0	0	0	0	0
GT46	0	0	0	0	0	0	0	0	0	0	0	0
GT47	0	0	0	0	0	0	0	0	0	0	0	0
GT5	0	0	0	0	0	0	0	0	0	0	0	0
GT51	0	0	0	0	0	0	0	0	0	0	0	0
GT55	0	0	0	0	0	0	0	0	0	0	0	0
GT57	0	0	0	0	0	0	0	0	0	0	0	0
GT58	0	0	0	0	0	0	0	0	0	0	0	0
GT62	0	0	0	0	0	0	0	0	0	0	0	0
GT64	0	0	0	0	0	0	0	0	0	0	0	0
GT66	0	0	0	0	0	0	0	0	0	0	0	0
GT69	0	0	0	0	0	0	0	0	0	0	0	0
GT7	0	0	0	0	0	0	0	0	0	0	0	0
GT70	0	0	0	0	0	0	0	0	0	0	0	0
GT73	0	0	0	0	0	0	0	0	0	0	0	0
GT74	0	0	0	0	0	0	0	0	0	0	0	0
GT75	0	0	0	0	0	0	0	0	0	0	0	0
GT76	0	0	0	0	0	0	0	0	0	0	0	0
GT77	0	0	0	0	0	0	0	0	0	0	0	0
GT78	0	0	0	0	0	0	0	0	0	0	0	0
GT8	0	0	0	0	0	0	0	0	0	0	0	0
GT81	0	0	0	0	0	0	0	0	0	0	0	0
GT83	0	0	0	0	0	0	0	0	0	0	0	0
GT87	0	0	0	0	0	0	0	0	0	0	0	0
GT89	0	0	0	0	0	0	0	0	0	0	0	0
GT9	0	0	0	0	0	0	0	0	0	0	0	0
GT90	0	0	0	0	0	0	0	0	0	0	0	0
GT92	0	0	0	0	0	0	0	0	0	0	0	0
GT94	0	0	0	0	0	0	0	0	0	0	0	0
GT97	0	0	0	0	0	0	0	0	0	0	0	0
GT99	0	0	0	0	0	0	0	0	0	0	0	0
PL1	0	0	0	0	0	0	0	0	0	0	0	0
PL10	0	0	0	0	0	0	0	0	0	0	0	0
PL10_3	0	0	0	0	0	0	0	0	0	0	0	0
PL11	0	0	0	0	0	0	0	0	0	0	0	0
PL12	0	0	0	0	0	0	0	0	0	0	0	0
PL12_3	0	0	0	0	0	0	0	0	0	0	0	0
PL14	0	0	0	0	0	0	0	0	0	0	0	0
PL14_3	0	0	0	0	0	0	0	0	0	0	0	0
PL15	0	0	0	0	0	0	0	0	0	0	0	0
PL15_2	0	0	0	0	0	0	0	0	0	0	0	0
PL17	0	0	0	0	0	0	0	0	0	0	0	0
PL17_2	0	0	0	0	0	0	0	0	0	0	0	0
PL1_2	0	0	0	0	0	0	0	0	0	0	0	0
PL1_7	0	0	0	0	0	0	0	0	0	0	0	0
PL2	0	0	0	0	0	0	0	0	0	0	0	0
PL20	0	0	0	0	0	0	0	0	0	0	0	0
PL21	0	0	0	0	0	0	0	0	0	0	0	0
PL22	0	0	0	0	0	0	0	0	0	0	0	0
PL22_1	0	0	0	0	0	0	0	0	0	0	0	0
PL22_2	0	0	0	0	0	0	0	0	0	0	0	0
PL25	0	0	0	0	0	0	0	0	0	0	0	0
PL27	0	0	0	0	0	0	0	0	0	0	0	0
PL3	0	0	0	0	0	0	0	0	0	0	0	0
PL3_1	0	0	0	0	0	0	0	0	0	0	0	0
PL3_4	0	0	0	0	0	0	0	0	0	0	0	0
PL5	0	0	0	0	0	0	0	0	0	0	0	0
PL5_1	0	0	0	0	0	0	0	0	0	0	0	0
PL6	0	0	0	0	0	0	0	0	0	0	0	0
PL6_1	0	0	0	0	0	0	0	0	0	0	0	0
PL6_2	0	0	0	0	0	0	0	0	0	0	0	0
PL7	0	0	0	0	0	0	0	0	0	0	0	0
PL7_1	0	0	0	0	0	0	0	0	0	0	0	0
PL9	0	0	0	0	0	0	0	0	0	0	0	0
PL9_1	0	0	0	0	0	0	0	0	0	0	0	0
PL9_2	0	0	0	0	0	0	0	0	0	0	0	0
PL9_4	0	0	0	0	0	0	0	0	0	0	0	0
SLH	0	0	0	0	0	0	0	0	0	0	0	0
cohesin	0	0	0	0	0	0	0	0	0	0	0	0
dockerin	0	0	0	0	0	0	0	0	0	0	0	0
A08	19223.0392770811	40679.1458525138	2665.3507806183	22672.7004607711	20561.7748171207	7418.7680971653	29242.897144861	26305.5721354435	56071.9804067342	7183.90795166423	3210.08237680043	996.033702087874
A22B	131.738750897171	203.164772441904	7.52174560516293	56.3320666995084	122.268606062448	53.6877845923058	21.0378932468997	3.77152659063806	106.057977118905	33.3656535313887	0	0.323861087198589
A24A	5354.19520444822	8406.98322626577	1060.60215292618	6486.87160171267	7612.2242539907	2707.69238668346	19069.7430714105	16572.0331726665	8574.9116290633	5075.15234977179	2141.51184922443	573.735322301026
A24B	0	0	0	0	0	0	0	0	0	0	0	0
A24X	0	0	0	0	0	0	0	0	0	0	0	0
A28B	0	0	0	0	0	0	0	0	0	0	0	0
A31	614.892165679424	1773.97126709943	452.649973811969	1220.74630233255	1295.50455076426	403.293083011909	14389.1631445378	15092.8122502087	2948.73037626059	2681.34205263759	767.705359965665	383.828443332226
A32	500.472965544032	430.901670890938	207.884851250387	1127.82189357957	1027.75200539641	171.793605673413	7499.50048573816	1842.9559491615	298.03708511594	2000.38160328374	72.7361809030553	53.300030237626
C01A	8105.16440672025	5239.29284430123	518.602807207715	7699.30527891189	6465.4233451698	899.153065728906	1770.01819303386	495.764420790972	4718.55868947055	304.834905812983	280.996960315755	83.4697164131882
C01B	19078.4491449997	17342.7741960844	1649.54411332119	17362.1842817195	14055.0376498765	5345.21105462407	6917.87087456798	2096.67188732351	14202.9273141001	1362.58440811001	1147.14799079084	199.102299950196
C01X	0	0	0	0	0	0	0	0	0	0	0	0
C110	787.376851631891	725.978753072987	216.010895000578	1404.64400302891	1278.66948387138	382.571019147113	7683.24152227695	1923.10047048026	484.69331192727	2068.5171548308	151.318624593026	77.4090959645594
C13	0	0	0	0	0	0	0	0	0	0	0	0
C14B	1445.45705473458	653.451954384455	47.8052017300605	1501.63540137234	875.676670517087	268.976216326597	697.35307843389	318.674254770912	427.561671640769	226.113753817011	91.1287723222949	25.7609298266722
C25	0	0	0	0	0	0	0	0	0	0	0	0
C26	33192.5440483061	55190.9153398864	4697.99939188086	35119.6104822715	30792.7890446933	12730.0777758475	36010.9779396083	28953.1046791755	68192.2271651619	9820.57871941491	5361.49327230827	2178.4357838364
C39	0	0	0	0	0	0	0	0	0	0	0	0
C40	2007.66217847937	1554.9593608764	321.250742350579	2985.76976779588	2432.60705941487	408.564499195765	8030.63085649845	2143.49701991332	997.745386477843	3136.11617263263	402.740188726471	110.122902906543
C44	27673.6440262447	48766.9244693706	3914.41192755482	29960.9202643682	25187.1112180793	8444.44517959424	31147.7720414708	27107.1755570738	63029.139834116	8734.6324802434	4518.38208162926	1898.47030611523
C45	221.043071231969	299.332110270891	38.881744800156	218.777132109673	198.78002219617	143.251145244916	99.2831594733059	23.5269197179787	298.794608815249	44.3625380425615	28.6060521426397	6.4423057031647
C51	0	0	0	0	0	0	0	0	0	0	0	0
C56	2017.34569449211	19412.0960620598	654.142203055166	4758.4927607407	3619.38514631768	511.869454630795	9078.63316542765	3526.37912571893	33221.5483165965	2370.34836464843	162.253822369453	114.33230674435
C59	0	0	0	0	0	0	0	0	0	0	0	0
C60A	0	0	0	0	0	0	0	0	0	0	0	0
C69	1445.45705473458	653.451954384455	47.8052017300605	1501.63540137234	875.676670517087	268.976216326597	697.35307843389	318.674254770912	427.561671640769	226.113753817011	91.1287723222949	25.7609298266722
C82A	4597.58815148368	24754.1633881969	965.489198137012	7524.55654554666	7176.62050145042	1198.55770236222	12098.9216164571	4819.97707738395	38302.1347092599	4408.03024231515	1016.81737612648	308.033393949718
C82B	0	0	0	0	0	0	0	0	0	0	0	0
C93	500.472965544032	430.901670890938	207.884851250387	1127.82189357957	1027.75200539641	171.793605673413	7499.50048573816	1842.9559491615	298.03708511594	2000.38160328374	72.7361809030553	53.300030237626
C97	0	0	0	0	0	0	0	0	0	0	0	0
I01	0	0	0	0	0	0	0	0	0	0	0	0
I02	251.419038063221	197.761679198852	41.8421757618789	451.99810329271	559.711474889697	295.127151947387	341.988422561584	142.667968958191	230.245929334015	106.113137181738	38.0742302820382	10.88331321862
I11	0	0	0	0	0	0	0	0	0	0	0	0
I13	0	0	0	0	0	0	0	0	0	0	0	0
I39	2281.08479051108	2412.37478006252	453.303545291327	3279.40833410773	3378.23357250892	1706.22217593699	9480.78199758569	2535.16822460452	2343.10854188645	2443.2120946686	376.994349307036	95.7311452182948
I42	0	0	0	0	0	0	0	0	0	0	0	0
I51	2502.34357190335	4804.00268628269	669.620460475814	3496.9303703621	4396.64667535576	1198.23115872927	9976.74381813714	13928.0732755686	5924.82560991973	1760.01682757549	1275.84711849704	429.832850966114
I75	0	0	0	0	0	0	0	0	0	0	0	0
I78	0	0	0	0	0	0	0	0	0	0	0	0
I87	12550.5935889173	36454.4013634765	1870.44793421178	15961.2394366151	16042.9360780289	5030.23960685679	19543.9547940996	12234.7506074324	52144.5217288491	5361.36352789953	2178.99741572055	525.439894931762
M01	25412.011054475	49136.0095320983	2947.23566278877	26211.3715783215	22422.675270108	7271.75053911711	28767.9731101699	25585.2492271593	63141.69279277	5966.23553748791	2824.19749186465	795.908967725096
M02	616.496184226486	532.213437112802	21.6882981239843	551.44545452734	579.635094557753	112.154296024982	159.269780641806	58.9028842404054	528.050844887437	55.3427966035345	120.898300443784	7.27665578391236
M03A	5703.48829627791	30927.736733567	1305.75815647854	8469.42624428337	7917.39357143168	1554.80918930506	20284.1601703538	23015.1614475836	48236.5512072498	5300.31855155319	1790.24198439373	625.488941385455
M03B	3850.23227261787	2827.44029487047	262.535802392232	4225.6173332856	3429.04437385686	1604.63598942282	2834.57014957928	1217.72263345652	2014.49810758783	861.846357396565	433.218562094331	87.9459906883198
M03X	0	0	0	0	0	0	0	0	0	0	0	0
M04	0	0	0	0	0	0	0	0	0	0	0	0
M06	0	0	0	0	0	0	0	0	0	0	0	0
M09B	0	0	0	0	0	0	0	0	0	0	0	0
M10A	500.472965544032	430.901670890938	207.884851250387	1127.82189357957	1027.75200539641	171.793605673413	7499.50048573816	1842.9559491615	298.03708511594	2000.38160328374	72.7361809030553	53.300030237626
M10B	0	0	0	0	0	0	0	0	0	0	0	0
M10X	0	0	0	0	0	0	0	0	0	0	0	0
M12A	0	0	0	0	0	0	0	0	0	0	0	0
M12B	0	0	0	0	0	0	0	0	0	0	0	0
M13	0	0	0	0	0	0	0	0	0	0	0	0
M14A	2418.34133342102	2863.64941148532	246.573556804327	2529.13457552115	2873.07282443748	1330.6863707705	1838.34137009674	695.561527543917	2686.4623442163	1417.99386698877	584.44210811145	69.0394604530738
M14B	1483.92981504907	1907.80612417527	75.8150482983396	1138.92586389304	993.910315664357	474.716543492097	324.475831056345	140.580768928752	1540.31680445965	127.731715067695	126.520380217819	14.4913615116635
M14C	0	0	0	0	0	0	0	0	0	0	0	0
M15B	34.5024528154668	48.4517149495889	4.21261490570462	44.9250167901649	23.4905657975505	91.2596081990472	100.515369380944	42.6080360871793	15.2192684862536	38.0609418812354	5.79143017238205	1.14765156596364
M15C	17.8816964130741	235.172342931479	47.5600835264898	17.968457988892	280.319051532682	12.7670272857259	10.2517125184673	22.1735016487549	105.865650797425	958.980244170699	236.073184506171	37.3387868746646
M15D	680.769934787227	768.753659833144	181.274890820418	1191.12526008768	1808.5551137408	763.606502555646	871.358101580691	372.207772018579	884.128204959949	1201.94005703196	339.314971524253	59.0255291928831
M16A	0	0	0	0	0	0	0	0	0	0	0	0
M16B	6506.6367289045	28836.4687952438	1232.09692607774	9414.15350291802	7281.6388228539	1923.9883485949	19362.2986363824	23289.8486720515	46137.4942653352	5056.56217531325	1669.03704048399	624.690911839119
M16C	0	0	0	0	0	0	0	0	0	0	0	0
M17	10352.7074544839	34515.8242326198	1743.64924676198	13325.2747017521	13565.7684806178	4212.08704596325	24697.6013295923	24777.9164390563	51552.9017852714	6404.92138137134	2540.93482559936	717.382810782519
M18	3056.32895092411	5379.24454279268	730.571540829373	3923.13014723171	4190.92241558142	1107.66842603017	17377.056679593	15698.7157837087	5871.13628115303	3662.26473076656	1502.29149606422	487.209159795923
M19	8341.22232783704	11696.92763348	810.513447980593	7961.00970151786	9359.43689889112	2883.59402608537	6809.88523579301	1950.22561607597	10197.844760552	2811.50009235614	1608.92309629957	207.729212886353
M20A	25566.3671812191	28149.3746430934	2653.53668472562	25835.256859603	20057.7776006782	6983.67195781569	28289.3389467083	24784.2123403495	28073.3952535051	7120.35409514356	3792.67037873357	1023.71996447069
M20B	0	0	0	0	0	0	0	0	0	0	0	0
M20C	130.67051150819	338.996661367592	10.566858403112	96.5637849636848	376.436764810267	49.9659522744375	53.9789313091269	39.1961139277768	326.583218518538	18.3803973563904	43.6550297288925	0.869090951308998
M20D	6029.30472821206	8222.7228895856	919.729366692934	7372.91422276208	8296.31047040067	3157.93458036226	12500.7090318646	3494.16579486882	7230.76343266001	3578.63653711638	1113.17434851025	230.49442127168
M20F	1235.05352563394	1829.47522555975	97.2856780095015	1094.52789578352	835.927273445659	483.714532033937	420.919906348459	125.884732169892	1576.01447678338	131.786048975289	135.620820574225	16.2805373530437
M20X	6198.7596868327	8191.53344101535	676.01331841667	7268.36973485074	7424.77282623259	1873.86632903418	4426.34214230705	1182.42411206013	7257.38742055354	1485.39452430584	1158.54363148898	150.51568780011
M23A	0	0	0	0	0	0	0	0	0	0	0	0
M23B	7278.78269167991	28938.9400840446	2309.38749142315	11139.8993623278	9700.0668073998	4042.29369110922	22431.3092032386	24877.5992032443	46627.9123653019	6748.11295074311	2990.34534296492	1779.48805762655
M24A	27250.8662985805	49175.2308843753	3937.58909246057	28795.0995789021	25464.8338435383	10807.3533815721	33383.5166316998	27849.6691623247	62976.3581601332	9104.85215650802	4472.40117876301	1968.79798582369
M24B	28085.6335712105	49206.1647437561	3279.70171852594	29615.8780720195	25123.7394408437	10171.4957526959	30751.3323593551	27153.9349083882	63184.9330178083	7151.90870319765	3353.23304117979	890.679807101393
M28A	0	0	0	0	0	0	0	0	0	0	0	0
M28B	1959.93253151843	2269.7278293607	86.1149008872958	1620.46243886104	1390.7069571711	577.094961306211	518.698834421541	220.32366481127	1949.56670695351	176.804943783144	237.672701202902	18.6375347220633
M28D	2941.7313336831	3221.1442055934	360.795853828627	3459.46844409976	3676.11328184373	1342.40868958629	1515.34359115765	630.19056565422	3104.41841056571	540.716118315382	344.284284951249	69.9660845686065
M28E	0	0	0	0	0	0	0	0	0	0	0	0
M28F	3471.9349633678	4465.12968879583	228.781757040457	2701.5289538617	3185.59765053403	905.996159009035	1110.62217176408	361.047905878725	3924.37286110714	333.52312915955	357.62799549154	22.0898000937242
M28X	0	0	0	0	0	0	0	0	0	0	0	0
M29	535.268915608873	469.829129571867	118.640202348913	814.52480641753	1294.50313920599	1329.97614367533	1699.42449010517	733.043985798908	592.447932106411	306.349052363476	220.238143398647	2.26563169129681
M30	131.738750897171	208.331314929574	7.52174560516293	56.3320666995084	125.502158552656	89.7253128486702	37.4711129761125	14.9749251886342	111.47302569252	37.3706936482487	0	0.323861087198589
M32	2578.01133458971	1705.34753305442	154.274383012342	2918.71465507432	1920.71301460208	633.514310882198	1177.82152966007	526.254621347672	1126.38235696864	485.155936074844	236.068327397597	51.618180971914
M36	0	0	0	0	0	0	0	0	0	0	0	0
M38	10892.724515605	36435.9213004677	1852.77778153107	14295.2370704952	14260.790277384	3812.17883942651	24579.673281032	24587.5605325335	53198.3524954581	5561.79141363249	2110.08721320819	706.819019245216
M41	22444.0066096205	44240.6630383216	3490.32036683341	24950.9796547542	23738.8935444319	7307.96416488137	29971.5583300636	26249.1900244903	59116.3391408053	8487.88167965736	4244.56605177837	1976.19799568565
M42	4030.83849847366	5157.51133419243	541.005747813038	3989.7441368878	4377.23535814592	1768.74990094502	9850.13905901469	2602.63616415075	4456.32226732746	2535.04463609261	545.38756456214	111.252014382563
M43B	50.4375359725382	31.0147308514268	7.92548133748009	65.2086614201766	103.048614188938	13.1980124909526	11.9522239531465	11.471786557847	40.0510052111281	8.88691717649904	0	0.453941937957443
M48A	3805.89765748041	26730.4288225536	1134.90343589175	6357.80051222775	5206.49229977205	2448.30672419714	19563.57024432	23186.8281770526	44486.9922132611	4738.06204133565	1695.61643784632	587.638992293148
M48B	2148.71469530244	24143.0096868218	757.78445661712	4803.03179131557	3610.9118015354	818.832371062701	10815.8806659625	9248.90878354648	40752.5169404218	2799.79117730936	327.818341386	185.116762565454
M48C	1715.01662881806	5325.44220889878	376.036384785372	2900.91390220871	2130.66575798636	588.500945180973	9972.06169461612	7979.38449609611	8014.28621550683	2662.06966218529	346.457271268597	162.206691519637
M48X	0	0	0	0	0	0	0	0	0	0	0	0
M49	1925.43007870296	2221.27611441112	81.9022859815912	1575.53742207087	1367.21639137355	485.835353107163	418.183465040597	177.715628724091	1934.34743846726	138.744001901908	231.88127103052	17.4898831560997
M50A	0	0	0	0	0	0	0	0	0	0	0	0
M50B	5691.96487711801	30179.6279712382	2059.00583049713	9116.30893469612	8598.92908662839	1908.73188689979	20971.8643397068	23637.3764208486	47413.1564591471	6556.00224034333	2538.73924348257	1656.89541422153
M50X	0	0	0	0	0	0	0	0	0	0	0	0
M54	0	0	0	0	0	0	0	0	0	0	0	0
M55	1046.0793619007	1554.02272808717	127.957774850968	1091.16272401685	952.209111104571	328.782651854034	262.813417520309	105.171171368978	1379.41110127728	128.879614606819	110.421492062399	14.2581233601989
M56	0	0	0	0	0	0	0	0	0	0	0	0
M57	0	0	0	0	0	0	0	0	0	0	0	0
M60	0	0	0	0	0	0	0	0	0	0	0	0
M61	0	0	0	0	0	0	0	0	0	0	0	0
M64	931.211964371301	766.876475154018	24.9099252404796	815.561755262979	824.278784021583	205.391150674433	230.693564653233	111.870419265037	720.177785682819	96.8209625631074	124.866502598935	8.34330436437032
M66	994.218114331659	1454.3996392571	56.9923607411116	759.975666807895	542.937607351968	280.44420243273	187.489900387364	65.8452094590537	1214.16965278444	41.9230393388008	107.014768431586	9.14657879172934
M67A	164.634864740646	199.265765234043	42.5943313090017	275.779750082788	390.886987589608	662.149918563624	1053.92889880366	373.198911122879	203.05198332649	168.764322334721	67.9807893385955	2.22136966019949
M67B	8608.32954365595	6203.03667646131	602.627853130742	8148.42534898092	7142.70022748407	1287.27489527231	2068.72817516413	595.510337519545	5460.06494228737	384.615002565909	363.269590414128	84.809735347706
M67C	0	0	0	0	0	0	0	0	0	0	0	0
M72	0	0	0	0	0	0	0	0	0	0	0	0
M75	278.408239848428	352.307421984343	91.8551486444906	383.806717525381	593.942073793273	93.8035218482102	97.8281313509416	77.0646452169204	208.353141405104	1001.78028018124	279.625378943538	40.6219093194125
M78	0	0	0	0	0	0	0	0	0	0	0	0
M79	9337.16194147619	6513.29987481968	611.678544992545	8610.66304735068	7295.89704233977	2158.94907886991	4173.35420900749	1337.90338286168	5557.25018804095	715.636184824917	593.298200541889	126.098659161228
M81	4580.22231832291	6943.00091143769	437.27324929385	4700.97078309499	4879.89261152653	1417.26506046611	3867.16632936821	953.533149517402	5806.7290438745	1266.49622596226	1008.90684972994	135.966126621062
M82	514.128896698447	285.58607350056	108.040980090743	824.0725356535	1219.88159494801	1131.38257228162	1012.59945426363	580.6633001586	431.632722281517	199.541996950244	177.187387277278	6.97335854411781
M90	762.750872830238	773.711609308756	261.492751461437	1268.42191697333	1184.67724560391	352.346570469285	7735.87070435242	1946.5552405476	462.886544543982	2080.89966286097	117.027833156533	83.0578774978805
M97	1925.43007870296	2221.27611441112	81.9022859815912	1575.53742207087	1367.21639137355	485.835353107163	418.183465040597	177.715628724091	1934.34743846726	138.744001901908	231.88127103052	17.4898831560997
M98	0	0	0	0	0	0	0	0	0	0	0	0
N06	2583.62564874305	2696.18126062141	610.993983759558	3590.65599647046	3455.8018004113	1875.76559598918	16286.2850256025	16082.5996831764	3785.60954294139	3150.31058727974	1036.02151956524	419.945933337284
N09	17.8816964130741	235.172342931479	47.5600835264898	17.968457988892	280.319051532682	12.7670272857259	10.2517125184673	22.1735016487549	105.865650797425	958.980244170699	236.073184506171	37.3387868746646
N10	0	0	0	0	0	0	0	0	0	0	0	0
N11	0	0	0	0	0	0	0	0	0	0	0	0
P01	18934.25699058	16954.6730146886	1398.17300731744	16919.5053639312	13337.4590272827	3876.84798934254	5611.89785201595	1711.68137808079	14363.0687251668	1150.99590651101	1222.12788179637	164.977205564558
S01A	0	0	0	0	0	0	0	0	0	0	0	0
S01B	5068.7918613268	5232.14274862891	651.891438618491	4664.65786306376	2355.74245090826	1064.76145604591	8343.50376359465	13835.1369643296	5311.18934729843	1121.53127506008	921.252644847704	406.892145921739
S01C	21109.1388312424	19737.8299754675	2136.27736419292	22086.2559728684	20887.096873102	5561.47240539311	18303.4337801856	5299.35248309854	17126.9606404618	5997.75468002899	2589.27695830485	591.16206866448
S01D	0	0	0	0	0	0	0	0	0	0	0	0
S01E	0	0	0	0	0	0	0	0	0	0	0	0
S08A	3588.48943515946	4347.27088164362	405.963285945841	3994.85000990574	4031.83953245714	891.72145310858	3348.65594985625	860.649766308691	3384.89595626979	1208.19953844688	535.517125377731	133.484429557968
S08B	122.672473355517	174.622481159048	7.52174560516293	51.1464127896944	102.697417428374	42.16437969391	20.4473845203782	1.44440484000548	80.9525809319585	32.176246085383	0	0
S09A	13999.241994477	12518.1593506624	1915.64639819936	13342.6357538947	13370.0534309713	3608.92505621871	5474.77641266622	2068.40229967172	11590.9737160896	2341.54396845448	1592.50662037616	1191.13572379505
S09B	3725.7377260666	4796.40163794954	309.536761617866	3001.55365312838	3524.43029422361	1657.2991219273	2352.08846097925	813.726518391858	4165.85566914497	537.737307692754	469.900437083613	53.6150750762207
S09C	29254.0432220131	28901.4022098603	3719.89685628488	27911.9958515173	23639.1972629708	10570.8692938775	23795.1738156067	18887.1004746593	25043.6729798081	5709.96635043431	4439.54839370582	1952.85913053265
S09D	2570.10450790486	2743.14317439296	213.119265148734	2699.30681314777	2811.14228076566	1153.03769910963	1091.52999700907	434.972899305114	2709.81982368431	337.201623442277	335.123058048603	35.469562752851
S09X	31841.9597564898	49720.7778355647	4244.07931601675	33222.0818193175	28212.5176962799	11825.2561802629	33206.5908603686	22728.0076352597	59625.0543315572	8080.9892562652	4548.57111170175	1886.85844051247
S10	85.2039121056744	48.8121191113052	18.5168925634459	101.583034322287	99.5480453008357	40.3080788136815	32.5238618997428	16.1653614476531	27.0336213167295	15.9437499239464	55.9659073479065	3.96157566230822
S11	2891.04776061962	5828.92565753226	415.0149210276	4282.10922659011	3119.31126386477	977.774025003533	10631.9501882282	8332.70306126441	8391.76314640339	2874.27480798489	389.328237096822	175.798365554649
S12	9646.6803436066	12894.2917195094	1060.60668285868	9485.48616259719	10530.3487831297	3415.82603848993	7337.05211497096	2162.34598537429	11397.1197794877	2172.70382325942	1506.96647340809	194.657695945045
S13	1250.93282254346	1197.65823383495	396.749078130355	2263.89158251053	2860.91132737718	1349.04942966295	8521.70828389671	2397.4950448751	1047.85838955464	3208.60976994502	522.177685817382	103.643888469989
S14	30647.1536077725	52920.3932231796	3478.41397698974	32073.1912097032	27841.065124447	11199.7472897569	33185.5571899901	27567.5317578768	66326.0732275561	8019.39600827986	3962.13621379828	993.7401720737
S15	2663.25644476498	3930.15689311353	332.179192393488	2936.35829513466	3385.11898120908	652.210452388719	2950.5158128261	609.679203992058	3241.52793500616	997.917840077978	743.21091657484	83.012505866342
S16	26632.2636063422	47711.3541611744	3236.31590741834	29394.5848802173	24336.3816597261	9129.40867645879	31693.5112121103	27042.3796404929	61728.950333801	7766.28852080096	3787.59941425922	1066.33089084314
S24	26631.1155282564	48391.8041945356	3103.40896096071	28925.2469384374	24439.7001413633	6632.71787920646	28178.0717061758	25695.1237202753	63146.9114907084	7194.85083236254	3478.96528059228	1026.29424463924
S26A	6700.9869934543	11768.9176101265	2101.25279673879	8942.47157406725	9466.17604676087	3656.41147529504	22285.2728022012	23191.9016827998	15506.1508697719	6194.4616695781	2978.96565749801	1778.7006639849
S26B	0	0	0	0	0	0	0	0	0	0	0	0
S26C	0	0	0	0	0	0	0	0	0	0	0	0
S33	30647.3781443775	51301.3206421459	4302.93794668764	32799.5135757267	27975.5088873303	11389.2279360403	34880.9048275495	28495.923603198	65116.1362751831	8454.67094546916	4759.05527512449	2082.7679006316
S41A	7734.60208057123	27539.3281553514	2186.5387128332	11072.2887375374	10344.6513697864	3415.34085883619	21634.0027157663	19607.8345327724	42069.7634668349	5839.99338016863	2527.40301160835	1683.96507500737
S41B	1436.61313314719	1718.56585154937	174.896694163962	1513.27406215169	1668.78684208708	1591.24153125046	1852.76793594032	779.530369496687	1602.45505051154	341.904853048618	306.515841072264	11.4122104830262
S45	2912.12904805398	2784.39928438819	151.736913045673	3023.40469155899	2140.48524597327	642.779539436666	953.830072429039	426.550735717667	2252.68591720586	316.420012909567	358.817526453462	51.2166687865814
S46	1879.53677338361	19836.6346929764	378.092971456459	3566.75012091551	2339.21356866968	301.29191101206	1313.1990450173	1525.35163647104	33731.6491055266	255.46011529749	125.338808776766	36.9259494903862
S49A	0	0	0	0	0	0	0	0	0	0	0	0
S49B	3056.66929427976	3892.1062875333	1512.58423960876	4333.42993942266	4088.05876772623	1818.38583184012	16465.3798242185	16254.2315598745	4503.50261980674	4428.03696765637	1943.20182300899	1485.92912666063
S49C	18282.2835611471	14905.5160088544	1333.88371372403	16628.9031025578	11300.0049737212	4481.44112183909	6769.38697189074	2196.60339375811	11997.9388179302	1279.7116390476	1355.32683648385	194.415753029488
S49X	0	0	0	0	0	0	0	0	0	0	0	0
S51	3440.95169963579	4281.81721681799	352.213635464183	2993.55705602599	3035.17395802408	2496.48955115189	3909.94224821012	2178.41048254012	4068.30498499591	859.084190249294	727.569209679711	154.681849229549
S54	18793.5021743439	18249.2147245365	2333.79708616829	19371.6283676698	19467.8042302052	4986.61630777411	10242.9943200836	3538.01980739218	16310.160509053	4778.18954407014	2442.23365791172	1315.88818924486
S55	636.288524296793	607.956913144568	23.0998705922181	667.220551393295	673.844738455274	172.173480381272	293.416627129596	95.4154872332652	591.101060071129	100.843268197461	120.898300443784	7.96830864206203
S66	542.974944977773	387.406013104111	119.140996428268	1029.47714988272	1314.84261518567	556.845228751307	644.037268803873	232.65158248507	661.23423026374	192.498974573497	81.3548836060652	16.9409315427609
S77	0	0	0	0	0	0	0	0	0	0	0	0
S78	0	0	0	0	0	0	0	0	0	0	0	0
T01A	337.537557997822	699.943388934724	104.006581007985	415.775153179694	1056.0348716234	823.819193718648	1284.28587942877	512.555856757052	490.98734206838	1215.02429151677	371.382899940692	45.6517688819771
T01B	6580.21551274077	7297.87663632076	944.75873623251	8251.10256741795	8178.1616660361	2981.84388455886	12988.0208329822	3688.34859611997	6155.07716870167	3716.99545843629	1489.75622454232	351.975985584337
T01X	92.8738967933402	205.6629172796	0.73586892606285	61.2264110737374	168.653904470879	19.1788148576053	34.1464545522145	19.3588257612747	204.162534379304	6.36723865365911	20.7370707579689	0
T02	5905.92335639189	7943.46507686737	855.321828781728	7199.73797919303	8404.34764186027	3661.3578416142	6206.95516888361	2060.20230990869	7372.90801160077	1819.29043788684	1039.72067557431	168.114595024211
T03	29839.0923719437	29198.9833256968	2734.37758047245	28647.8197155269	24088.8289705535	9982.28658472677	23617.1157525614	6852.86205245057	23674.2839084873	5716.290658645	3027.75858935314	517.636954202699
T05	24452.6081543047	47000.5911076644	2848.87869462158	25967.3295942591	22491.748335529	6628.00383030635	27918.3085942027	25485.9912735329	61198.7930401116	7001.75057553899	3103.30255165039	875.138139584385
U32	5359.38858183743	5654.52169219776	969.555751070001	7095.15603854524	7058.98460977457	2664.67224047841	18270.0274345268	16622.8118220562	6235.54417547417	4748.50865897098	1761.36771402391	526.836066547134
U56	0	0	0	0	0	0	0	0	0	0	0	0
U62	27755.8683655221	46488.2575646596	3004.94237880177	30494.1072371584	24314.6119906065	9694.17221846733	24426.7926954548	13764.0255791696	59166.9229579341	5991.20501954052	2790.84077853239	569.708858421065
U69	751.892003607254	628.66335008979	249.727027012266	1579.81999687227	1587.46348028611	466.9207576208	7841.48890829974	1985.62391811969	528.283014449955	2106.49474046548	110.810411185094	64.183343456246
U72	385.677935972615	498.597875504935	81.4760761091578	494.55688219246	589.667009785778	805.40106380854	1153.21205827697	396.725830840857	501.846592141739	213.126860377283	96.5868414812352	8.66367536336418
U73	500.472965544032	430.901670890938	207.884851250387	1127.82189357957	1027.75200539641	171.793605673413	7499.50048573816	1842.9559491615	298.03708511594	2000.38160328374	72.7361809030553	53.300030237626
